10
13
26
28
51
80
92
95
95
113
126
150
160
161
170
173
179
189
248
256
270
282
284
288
300
321
338
342
355
361
365
394
403
417
418
422
433
444
453
465
465
479
500
521
530
534
539
542
559
561
564
566
579
579
599
612
628
634
644
646
651
660
667
670
672
685
705
721
734
748
764
765
768
776
789
798
800
807
811
830
859
870
917
939
945
948
988
991
998
1005
1014
1032
1033
1042
1059
1066
1070
1073
1081
1098
1115
1140
1149
1157
1166
1167
1188
1195
1208
1210
1236
1240
1245
1247
1270
1284
1288
1296
1321
1321
1336
1344
1352
1357
1375
1429
1430
1436
1456
1462
1469
1493
1509
1511
1522
1528
1535
1543
1551
1555
1559
1562
1567
1602
1609
1612
1627
1629
1631
1641
1646
1651
1664
1686
1692
1693
1695
1708
1708
1713
1722
1728
1731
1731
1734
1763
1783
1794
1808
1813
1815
1817
1818
1832
1836
1839
1850
1877
1877
1878
1881
1893
1928
1943
1960
1973
1992
1993
2004
2021
2023
2027
2030
2033
2035
2065
2067
2079
2085
2090
2093
2108
2144
2144
2163
2167
2193
2202
2213
2217
2231
2241
2251
2256
2269
2280
2288
2292
2297
2326
2353
2358
2384
2392
2397
2403
2406
2406
2420
2444
2459
2481
2509
2513
2522
2523
2527
2529
2533
2566
2591
2601
2606
2616
2616
2626
2643
2657
2661
2669
2676
2687
2711
2723
2756
2778
2785
2820
2851
2851
2855
2864
2865
2872
2874
2905
2915
2940
2955
2970
2971
2978
2994
2995
3018
3025
3034
3035
3082
3097
3109
3115
3129
3139
3151
3154
3156
3156
3169
3194
3218
3230
3234
3235
3237
3262
3267
3272
3298
3306
3312
3315
3318
3318
3319
3327
3332
3336
3341
3350
3358
3363
3373
3385
3400
3419
3422
3422
3444
3449
3464
3472
3478
3481
3484
3489
3497
3501
3515
3521
3525
3533
3545
3554
3566
3582
3642
3673
3691
3695
3700
3701
3715
3715
3728
3739
3759
3762
3768
3784
3803
3822
3828
3840
3842
3849
3858
3859
3900
3923
3924
3924
3945
3982
4011
4022
4027
4028
4031
4047
4050
4061
4078
4083
4090
4093
4153
4168
4192
4193
4198
4199
4201
4220
4226
4242
4250
4250
4253
4258
4263
4269
4279
4290
4295
4302
4322
4329
4331
4350
4354
4365
4367
4369
4390
4409
4412
4424
4441
4450
4459
4476
4488
4498
4504
4515
4543
4550
4613
4635
4638
4648
4650
4653
4664
4674
4684
4697
4698
4699
4702
4716
4738
4745
4747
4750
4750
4755
4755
4773
4786
4816
4823
4836
4838
4869
4869
4908
4940
4942
4945
4955
4958
4992
4992
5007
5007
5015
5031
5045
5050
5059
5072
5076
5080
5084
5091
5095
5097
5106
5117
5122
5155
5176
5181
5194
5196
5201
5201
5207
5218
5229
5247
5253
5255
5258
5259
5261
5261
5266
5289
5304
5319
5321
5348
5354
5382
5389
5392
5408
5419
5435
5440
5477
5488
5489
5494
5502
5511
5520
5527
5533
5539
5547
5547
5549
5557
5560
5580
5617
5619
5633
5650
5655
5662
5673
5677
5685
5729
5733
5747
5764
5793
5806
5806
5827
5832
5835
5843
5869
5870
5891
5895
5896
5896
5897
5897
5911
5925
5935
5937
5960
5988
5993
5993
6002
6009
6011
6015
6018
6021
6024
6049
6061
6096
6109
6125
6130
6135
6137
6139
6140
6143
6157
6191
6193
6197
6204
6221
6228
6249
6264
6282
6285
6307
6309
6311
6312
6321
6324
6343
6352
6368
6370
6391
6395
6402
6407
6412
6425
6431
6447
6451
6470
6501
6505
6506
6523
6531
6545
6551
6579
6586
6589
6594
6608
6615
6619
6619
6621
6621
6625
6638
6640
6657
6671
6676
6686
6688
6694
6696
6705
6726
6741
6760
6784
6787
6796
6798
6802
6819
6824
6831
6837
6841
6842
6852
6852
6868
6868
6883
6891
6912
6935
6937
6939
6976
6978
6981
7004
7010
7011
7012
7019
7028
7036
7045
7049
7077
7086
7088
7093
7094
7095
7098
7115
7131
7131
7132
7151
7235
7237
7240
7255
7280
7287
7288
7299
7304
7309
7311
7325
7361
7383
7386
7396
7399
7417
7427
7443
7445
7465
7498
7533
7534
7540
7550
7551
7566
7573
7579
7588
7598
7606
7619
7667
7668
7682
7683
7722
7729
7751
7758
7763
7770
7772
7777
7780
7785
7786
7817
7820
7837
7844
7847
7862
7864
7866
7881
7886
7887
7912
7945
7972
7999
8010
8059
8068
8072
8083
8091
8140
8146
8149
8223
8229
8250
8267
8272
8288
8289
8292
8299
8306
8309
8310
8321
8330
8332
8393
8410
8420
8426
8427
8444
8448
8456
8464
8474
8511
8532
8537
8541
8548
8559
8560
8573
8585
8586
8596
8597
8598
8599
8603
8605
8607
8618
8620
8624
8629
8640
8641
8649
8653
8671
8675
8676
8692
8710
8736
8737
8742
8755
8762
8762
8763
8766
8771
8782
8803
8806
8829
8840
8847
8861
8863
8869
8892
8895
8900
8915
8928
8936
8943
8968
8984
9013
9019
9028
9051
9057
9067
9093
9097
9102
9105
9106
9126
9145
9151
9172
9183
9193
9200
9219
9225
9254
9268
9279
9280
9292
9303
9318
9320
9325
9327
9327
9329
9339
9346
9349
9360
9362
9372
9396
9410
9421
9425
9428
9428
9429
9433
9444
9456
9463
9474
9501
9521
9524
9526
9528
9552
9558
9564
9602
9610
9611
9616
9620
9628
9637
9639
9650
9651
9672
9684
9715
9729
9745
9754
9756
9773
9778
9807
9809
9818
9822
9823
9835
9835
9842
9847
9854
9855
9870
9877
9886
9905
9917
9931
9939
9943
9951
9964
9974
9974
10002
10022
10025
10078
10132
10147
10176
10180
10211
10226
10261
10267
10278
10281
10309
10317
10340
10342
10350
10353
10357
10391
10397
10445
10450
10456
10463
10498
10499
10504
10509
10516
10525
10544
10566
10568
10598
10601
10607
10613
10621
10636
10650
10657
10661
10690
10718
10738
10741
10759
10764
10768
10772
10810
10857
10858
10871
10874
10892
10923
10925
10930
10930
10936
10973
10980
11001
11007
11040
11056
11074
11077
11081
11082
11101
11119
11125
11125
11139
11146
11149
11194
11195
11208
11217
11226
11233
11236
11247
11248
11248
11258
11273
11274
11293
11297
11313
11321
11334
11363
11366
11370
11376
11393
11425
11430
11434
11454
11470
11481
11485
11500
11501
11503
11506
11507
11511
11541
11549
11553
11572
11588
11591
11592
11597
11597
11603
11617
11622
11637
11651
11686
11699
11718
11739
11740
11744
11745
11751
11768
11778
11780
11782
11810
11826
11827
11827
11831
11833
11860
11866
11867
11889
11902
11908
11911
11942
11953
11966
11967
11983
11985
11994
11996
12006
12021
12023
12042
12054
12054
12060
12068
12077
12094
12095
12111
12143
12146
12154
12155
12161
12171
12175
12185
12195
12214
12215
12226
12236
12238
12260
12271
12287
12303
12316
12322
12333
12333
12335
12344
12349
12353
12356
12379
12398
12413
12430
12442
12443
12483
12487
12511
12514
12537
12539
12539
12546
12554
12563
12570
12588
12605
12614
12631
12657
12674
12701
12707
12717
12720
12726
12735
12741
12742
12743
12761
12762
12779
12792
12811
12825
12834
12834
12844
12859
12864
12867
12893
12902
12914
12923
12928
12934
12934
12944
12951
12956
12966
12969
12986
13034
13059
13082
13089
13108
13121
13123
13133
13138
13174
13185
13198
13238
13238
13242
13242
13244
13246
13260
13295
13316
13317
13360
13366
13379
13400
13417
13446
13479
13492
13497
13505
13523
13547
13585
13594
13597
13601
13602
13604
13605
13611
13628
13633
13638
13652
13663
13688
13696
13698
13698
13706
13709
13719
13742
13746
13761
13764
13767
13796
13797
13800
13820
13821
13832
13858
13858
13887
13889
13895
13901
13903
13907
13911
13914
13917
13935
13960
13966
13972
13977
13996
14003
14009
14018
14027
14066
14071
14080
14083
14105
14114
14119
14120
14127
14136
14138
14139
14143
14153
14158
14169
14177
14188
14188
14188
14188
14188
14199
14201
14210
14211
14213
14274
14276
14276
14290
14291
14298
14326
14341
14344
14349
14368
14369
14371
14382
14408
14409
14418
14423
14429
14472
14473
14502
14533
14557
14560
14565
14574
14593
14595
14600
14603
14604
14618
14624
14625
14649
14661
14678
14683
14684
14701
14709
14713
14721
14725
14726
14728
14728
14743
14743
14747
14754
14758
14779
14782
14786
14792
14800
14819
14823
14827
14840
14845
14846
14853
14870
14887
14891
14912
14927
14930
14943
14948
14956
14960
14983
14993
15026
15030
15033
15035
15051
15061
15062
15064
15073
15075
15077
15078
15113
15135
15136
15149
15165
15169
15182
15185
15193
15203
15208
15210
15219
15226
15234
15236
15282
15286
15313
15320
15324
15324
15326
15342
15366
15390
15391
15404
15405
15410
15446
15451
15457
15460
15508
15509
15516
15519
15538
15544
15546
15556
15602
15623
15639
15640
15640
15644
15647
15656
15661
15661
15666
15692
15696
15707
15709
15709
15710
15711
15720
15721
15721
15729
15733
15734
15735
15740
15746
15748
15754
15756
15761
15767
15774
15828
15833
15834
15846
15864
15879
15881
15882
15932
15936
15951
15952
15953
15974
15977
15991
16000
16037
16041
16045
16051
16054
16056
16067
16129
16130
16145
16169
16176
16185
16186
16189
16197
16213
16251
16265
16266
16268
16271
16286
16292
16301
16304
16330
16336
16348
16361
16374
16399
16414
16448
16454
16475
16505
16521
16534
16546
16560
16570
16591
16591
16617
16650
16656
16675
16695
16697
16701
16709
16716
16722
16728
16729
16742
16790
16798
16799
16805
16816
16821
16822
16824
16841
16849
16850
16851
16852
16872
16872
16876
16888
16900
16915
16944
16953
16957
16958
16969
16974
16984
17000
17004
17005
17040
17045
17054
17055
17056
17064
17073
17084
17093
17124
17128
17136
17145
17149
17152
17158
17160
17160
17169
17174
17190
17198
17212
17217
17226
17228
17241
17256
17288
17305
17310
17321
17334
17338
17341
17346
17358
17374
17390
17395
17396
17398
17418
17426
17455
17471
17475
17499
17508
17538
17540
17542
17550
17557
17561
17573
17579
17583
17592
17595
17598
17600
17613
17615
17624
17712
17722
17723
17732
17739
17746
17746
17790
17792
17806
17808
17817
17821
17826
17871
17881
17890
17895
17923
17929
17933
17949
17982
17985
17987
18031
18040
18044
18056
18059
18072
18095
18100
18102
18115
18171
18171
18174
18181
18200
18203
18220
18230
18231
18234
18242
18259
18269
18276
18279
18302
18320
18330
18340
18358
18381
18391
18402
18405
18432
18439
18446
18463
18476
18504
18513
18525
18548
18549
18584
18602
18603
18609
18619
18626
18629
18646
18649
18664
18670
18675
18689
18706
18708
18709
18775
18788
18803
18811
18814
18819
18826
18827
18828
18831
18835
18840
18880
18887
18889
18896
18901
18904
18950
18952
18965
18988
18995
18998
19011
19035
19048
19052
19069
19070
19077
19089
19092
19125
19175
19196
19206
19207
19222
19230
19252
19255
19270
19276
19298
19303
19323
19334
19336
19355
19361
19361
19363
19372
19373
19380
19385
19396
19413
19429
19456
19465
19471
19475
19496
19511
19523
19529
19530
19532
19535
19550
19571
19590
19597
19600
19642
19644
19664
19666
19675
19677
19684
19692
19693
19703
19708
19720
19727
19764
19768
19775
19784
19804
19814
19829
19836
19837
19867
19871
19875
19894
19912
19927
19949
19950
19956
19957
19960
19967
19972
19975
19977
20000
20012
20031
20041
20052
20061
20062
20065
20066
20069
20084
20086
20088
20094
20107
20112
20119
20120
20126
20159
20159
20166
20172
20174
20189
20189
20209
20221
20221
20234
20247
20291
20296
20312
20313
20324
20326
20336
20343
20345
20390
20394
20396
20401
20429
20440
20451
20454
20457
20464
20482
20484
20485
20487
20488
20521
20535
20542
20562
20565
20580
20582
20587
20592
20592
20607
20608
20608
20615
20621
20642
20654
20654
20670
20678
20680
20684
20686
20691
20694
20705
20706
20706
20746
20764
20772
20802
20805
20819
20828
20853
20859
20864
20881
20889
20900
20918
20921
20926
20930
20943
20948
20950
20951
20956
20965
20972
20976
20998
21004
21020
21040
21048
21049
21051
21054
21070
21090
21098
21103
21105
21114
21133
21150
21157
21160
21163
21172
21205
21218
21225
21237
21240
21241
21250
21265
21276
21284
21288
21289
21291
21293
21295
21299
21302
21314
21335
21351
21358
21360
21382
21395
21403
21433
21443
21443
21444
21454
21455
21462
21465
21466
21469
21473
21475
21481
21487
21491
21503
21524
21545
21567
21591
21615
21619
21645
21648
21656
21678
21678
21697
21699
21700
21702
21702
21720
21725
21726
21734
21734
21783
21808
21818
21819
21858
21864
21870
21873
21886
21898
21906
21915
21923
21965
21965
21966
21974
22011
22025
22048
22069
22084
22092
22094
22098
22113
22115
22118
22120
22125
22131
22136
22151
22154
22156
22158
22205
22237
22261
22282
22318
22323
22326
22356
22371
22375
22385
22391
22394
22416
22421
22430
22439
22444
22457
22463
22466
22496
22509
22510
22519
22520
22522
22526
22541
22548
22551
22566
22572
22577
22614
22615
22618
22621
22637
22652
22653
22655
22658
22668
22674
22679
22720
22722
22759
22768
22772
22775
22808
22834
22842
22847
22857
22877
22890
22899
22903
22903
22907
22911
22942
22943
22954
22990
22995
23005
23010
23012
23026
23034
23055
23060
23062
23070
23072
23080
23082
23088
23126
23135
23152
23154
23157
23170
23181
23187
23192
23202
23224
23238
23250
23271
23272
23291
23309
23322
23338
23341
23348
23369
23378
23384
23396
23424
23445
23448
23459
23512
23516
23529
23544
23545
23550
23558
23564
23573
23589
23598
23601
23604
23619
23624
23627
23639
23644
23646
23656
23662
23675
23680
23682
23693
23699
23702
23720
23722
23722
23726
23731
23739
23743
23747
23760
23775
23784
23810
23812
23822
23837
23849
23850
23850
23857
23861
23871
23903
23915
23920
23940
23940
23948
24016
24070
24090
24097
24109
24121
24129
24133
24148
24160
24177
24190
24238
24258
24263
24264
24282
24286
24291
24292
24303
24307
24309
24318
24325
24362
24372
24373
24375
24378
24381
24383
24413
24436
24452
24453
24468
24474
24497
24504
24508
24514
24518
24521
24563
24571
24572
24573
24588
24609
24622
24622
24623
24624
24626
24629
24633
24634
24644
24647
24659
24670
24670
24681
24688
24704
24709
24711
24713
24761
24766
24793
24805
24807
24834
24840
24846
24852
24891
24893
24893
24915
24920
24922
24947
24963
24964
24969
24996
25000
25021
25025
25070
25084
25099
25100
25118
25125
25126
25168
25173
25198
25201
25204
25218
25219
25230
25235
25246
25253
25264
25274
25284
25294
25295
25307
25307
25319
25338
25340
25366
25372
25384
25405
25411
25413
25421
25423
25426
25426
25427
25431
25442
25443
25459
25477
25482
25494
25503
25510
25515
25534
25542
25543
25548
25585
25591
25603
25612
25628
25632
25659
25680
25683
25684
25688
25727
25740
25740
25745
25747
25773
25797
25803
25817
25820
25824
25826
25837
25839
25854
25868
25901
25907
25924
25926
25949
25977
25978
25986
25998
25999
26012
26013
26019
26038
26044
26062
26084
26113
26128
26130
26131
26138
26177
26193
26204
26213
26219
26232
26244
26250
26261
26268
26274
26281
26283
26286
26287
26323
26329
26331
26333
26336
26338
26349
26375
26381
26386
26398
26402
26425
26426
26435
26447
26484
26486
26490
26497
26500
26518
26530
26533
26539
26576
26590
26610
26613
26616
26617
26623
26625
26636
26679
26697
26701
26705
26729
26730
26743
26756
26761
26776
26786
26793
26798
26808
26816
26823
26828
26845
26859
26872
26887
26917
26926
26939
26950
26962
26965
26974
26982
26982
26983
26988
26999
27001
27007
27016
27023
27026
27060
27070
27082
27084
27085
27094
27132
27143
27150
27152
27157
27164
27167
27182
27189
27201
27208
27221
27232
27244
27256
27260
27277
27277
27280
27285
27354
27358
27360
27385
27388
27393
27401
27402
27419
27424
27435
27444
27449
27457
27460
27477
27491
27501
27513
27515
27517
27550
27550
27561
27581
27583
27587
27594
27598
27600
27622
27631
27646
27648
27659
27660
27675
27678
27682
27683
27685
27705
27717
27720
27763
27779
27791
27830
27841
27849
27875
27880
27881
27901
27910
27930
27958
27987
28006
28020
28024
28031
28032
28032
28059
28061
28074
28119
28136
28159
28194
28205
28225
28248
28266
28283
28284
28295
28305
28327
28331
28339
28341
28366
28367
28376
28386
28397
28399
28422
28424
28426
28427
28460
28510
28528
28544
28546
28568
28587
28597
28598
28600
28602
28606
28640
28641
28650
28654
28673
28691
28692
28715
28723
28724
28735
28760
28796
28803
28808
28814
28828
28828
28836
28838
28841
28862
28897
28902
28907
28907
28909
28924
28926
28941
28960
28966
28973
28985
28997
29010
29024
29047
29058
29062
29067
29077
29090
29092
29096
29100
29103
29118
29142
29145
29169
29173
29195
29212
29221
29227
29248
29250
29263
29286
29288
29293
29300
29304
29311
29344
29345
29348
29349
29353
29355
29359
29388
29406
29407
29408
29408
29415
29417
29420
29421
29426
29428
29429
29442
29442
29465
29476
29489
29493
29503
29505
29545
29550
29568
29571
29594
29605
29606
29626
29630
29641
29645
29656
29665
29667
29669
29673
29673
29725
29778
29781
29792
29802
29813
29820
29833
29847
29866
29881
29904
29905
29924
29931
29940
29945
29960
29965
30029
30030
30048
30070
30074
30075
30076
30079
30090
30112
30126
30143
30156
30180
30191
30201
30220
30239
30257
30264
30291
30292
30297
30302
30311
30314
30330
30368
30370
30375
30382
30396
30405
30417
30439
30441
30468
30499
30521
30525
30530
30534
30568
30597
30600
30604
30606
30609
30613
30621
30628
30630
30692
30697
30699
30701
30718
30720
30743
30747
30773
30778
30820
30829
30835
30841
30841
30849
30853
30891
30897
30910
30911
30915
30928
30940
30946
30948
30954
30958
30964
30969
31005
31010
31027
31046
31057
31067
31073
31092
31104
31113
31114
31115
31118
31127
31151
31163
31182
31194
31221
31222
31225
31242
31247
31256
31257
31290
31326
31339
31349
31389
31403
31407
31415
31421
31433
31440
31454
31465
31481
31488
31493
31498
31525
31541
31543
31549
31552
31562
31565
31579
31581
31583
31587
31589
31598
31601
31604
31617
31625
31631
31642
31649
31664
31675
31682
31685
31687
31702
31707
31711
31747
31772
31777
31782
31804
31822
31834
31839
31850
31854
31855
31871
31878
31881
31910
31914
31914
31930
31937
31942
31964
31969
31988
31993
31997
32001
32008
32010
32015
32045
32053
32059
32107
32109
32116
32145
32146
32152
32156
32160
32174
32181
32182
32194
32201
32207
32212
32214
32218
32253
32264
32275
32289
32290
32295
32311
32312
32323
32328
32336
32347
32356
32388
32404
32429
32445
32456
32466
32489
32511
32548
32553
32561
32566
32573
32574
32577
32586
32598
32601
32613
32622
32636
32649
32650
32661
32680
32706
32717
32730
32731
32741
32750
32752
32765
