534
25986
7729
27007
3318
8736
29924
21250
19927
5247
30468
22572
22011
1641
3715
9524
8847
15078
667
29568
6705
1456
365
31930
945
30439
27881
9254
23060
28422
28397
18995
8671
12054
6321
32336
9106
14625
4450
768
12146
5354
6157
22577
20107
19675
23743
16330
1270
14143
29931
28803
2392
24497
28427
27385
5547
9428
18826
9474
13633
24133
20706
32573
13317
7886
10498
14574
4869
26333
1522
22025
9773
23348
22457
11149
16213
21473
28031
1555
2687
22385
21487
7847
32601
22113
29407
20950
3082
15061
11827
19720
23850
8332
3582
9745
26386
18708
12779
4354
5207
8250
5084
10309
15761
25797
24016
31465
20065
18788
22282
21818
15282
8676
11376
30613
12094
28838
6193
12154
3156
26705
11434
1763
12761
13764
18059
32212
7566
9807
27189
564
21648
32290
4199
6619
13605
4869
9754
29420
5557
32586
17321
20069
21783
256
24373
30964
16399
22890
32328
17933
28692
16560
10936
16697
1878
16851
11983
2481
28159
4838
23720
3115
29881
15740
25820
3828
113
11101
95
17471
9051
27517
29092
22205
18231
17198
8456
9325
19666
24468
22637
7094
17615
15193
25125
28339
9639
3235
3859
4302
8943
20291
26636
12944
2522
16176
3715
12215
18174
22323
4198
9097
31067
10211
13123
5993
13977
6868
31407
32680
25745
30220
28136
31389
19471
13238
24761
1528
18646
539
17310
7763
15077
32717
16169
32010
7417
2085
7844
26701
25683
9200
19960
18803
3515
29286
28366
32145
31685
7772
18675
5196
2643
13242
6657
28907
31579
26926
2108
433
8427
12834
15546
361
26730
11500
26823
30530
11040
16709
14983
26845
26617
765
1245
29349
19077
11501
7820
14943
9028
18476
15516
28673
13601
21382
19456
20680
31804
32553
3701
24709
20972
20642
32429
19768
4613
17160
16301
12511
9558
14199
7028
9616
5494
18880
21725
24518
3521
23903
20678
17145
28061
30382
23154
9329
20482
13400
1836
12379
11321
32015
32045
9501
29667
13698
8640
22759
21054
4745
29348
15754
28836
23459
3762
22158
25684
12707
12735
21886
10613
11686
10180
20615
20312
27720
31549
18242
14846
22808
25294
27085
7386
20041
12844
22048
4823
23722
21051
16286
30621
20440
1140
13547
26128
17073
30090
30718
26
22541
25421
7287
25515
27561
22990
24626
28926
20324
19396
29212
17949
26798
2606
6981
5031
16957
24378
32311
11985
26113
20582
24711
1195
4955
19429
12969
21157
9610
17732
18952
18513
15974
1357
342
30314
2384
12588
13089
12054
10857
19664
17064
15208
11778
15508
9964
2601
3156
2591
11274
15320
5489
28808
24263
12271
22907
29630
22125
30568
24852
1832
20694
20608
18965
1928
21702
4027
7299
3109
20094
6696
27583
21289
23181
21734
6140
19784
13034
11751
17398
3234
29248
8692
21218
6891
8585
25585
672
31433
17374
2403
30264
22653
21645
24623
17540
11718
27501
20900
24362
23810
31598
30396
26062
1943
24436
16799
14725
9105
10598
24681
25740
5261
26497
15661
10810
19413
21491
16186
21299
13260
8869
12701
2527
27277
24920
29415
23322
4047
7667
21040
12077
10764
18203
15707
20221
26338
31493
9372
18819
15033
14472
14136
19836
9126
9847
23948
19298
5007
25901
5201
29594
17808
7785
3358
25839
670
18269
14382
7999
6506
18689
7012
3700
3464
685
6796
16822
16849
23271
5348
8928
8710
21114
31707
16944
4022
19912
18200
2626
5729
2144
27070
28735
10973
26323
11503
29778
31225
6852
5007
1627
2657
19775
11082
8936
13761
17228
28376
15457
15661
12483
7551
17538
31937
11617
11226
27150
644
28
12762
24258
3218
13492
31242
14728
12923
12171
5655
18670
15846
13238
7311
27094
30330
3924
29673
13935
25854
25118
20166
8548
20926
12864
15734
20819
561
17256
30910
20608
31194
25628
18904
25803
17004
9552
13244
9183
32561
12344
16798
6061
20396
11867
7864
1817
17790
30697
23369
14066
29062
31822
734
14120
19532
6407
26576
4153
32160
21172
18446
25837
18302
9327
12060
23619
6197
22877
14684
26539
1992
9346
7309
14709
17557
27354
6545
32650
13108
29605
15219
13914
17826
29442
1960
10261
19871
8895
917
27678
20052
23920
13138
31421
4409
28606
30126
10516
566
5122
24947
8532
5897
19475
2027
11056
17895
3419
16546
22674
20326
29489
25198
27277
24474
27491
3501
660
19070
4369
27598
29673
26518
10690
2067
18775
20691
30897
9620
21284
2231
23656
13960
20802
19385
27280
22720
3525
4331
32264
31604
31642
32218
27444
4674
11637
20918
20120
31092
14603
2995
10661
28546
23170
20654
16850
18391
27685
21524
30191
15064
1629
18432
32182
30499
23516
6307
18340
22548
9756
30441
26887
25998
13832
30297
21591
248
31993
16958
18889
25477
8675
11780
13858
20921
30417
9444
29641
10281
25230
15556
8737
9602
4773
28760
1813
5580
2444
17550
12021
17136
23837
23849
16000
20088
14661
17579
11074
22679
31488
27513
20000
6249
30597
8762
1073
18811
17341
4992
20943
4750
4090
170
15342
18840
27622
17929
19373
14604
1722
27201
28715
19035
16304
15602
12956
14779
6842
18584
28828
14119
28020
7088
4290
6311
22615
11549
25977
465
24624
24521
12811
9360
15313
27023
1535
32548
10759
8537
25253
15210
25548
30853
24303
4958
32445
9102
15746
24286
21454
13800
10509
11953
15932
13611
2778
6343
18115
26484
12195
6594
3858
24840
11942
12214
4476
5435
18171
4653
2288
28305
10022
11119
5419
12834
21225
14080
28460
12867
7004
10601
16872
5218
23871
17723
31552
11826
31118
338
10544
15881
15446
9303
14153
646
9672
14728
8289
30070
18827
17084
26761
11768
14423
19361
29503
11744
10176
16969
2533
7770
19535
14565
9842
16336
6615
29904
22120
4365
24070
28367
18950
29090
26939
10391
25534
17288
14743
31631
23529
20488
23639
17624
19642
29656
31073
4747
14960
22151
15644
13889
27600
12570
5253
24793
9939
26616
28544
11125
9628
31747
32107
12742
22444
5896
6137
8586
17241
14169
20542
25426
7036
16056
20998
16521
23915
26743
4459
10930
2855
27358
30375
2033
21974
18381
31782
10445
19571
4258
29408
19252
25284
8541
24805
20159
25740
5891
11833
32312
10499
1344
5091
4698
6787
12111
321
20951
26244
18463
27550
29344
27082
32174
15366
8288
11485
21433
20313
19529
1210
4504
15519
10772
11208
18276
21915
32323
26381
11866
5539
8618
2978
26756
29359
24109
30820
25494
17583
2251
22509
25366
14114
31964
16067
30143
30948
23702
31182
23080
7751
15062
8464
5793
26982
4638
17040
18525
27830
11481
14743
28119
15326
25319
1567
12398
7881
20565
14473
29010
31481
26988
17806
7588
26398
4078
22136
3545
7399
3484
27026
29792
15640
6139
22237
8068
6621
16728
3332
4755
31581
31498
6802
14912
4755
3319
22371
16454
3673
9818
16984
16974
1734
27587
26447
28691
12986
9823
24915
21700
7095
30841
19727
20394
17395
15169
16265
10
29355
27084
5389
10317
6841
15709
11366
19550
3945
24291
25173
3924
31625
20930
24891
5201
20159
31702
6425
26281
5408
28341
29626
11591
27901
22069
6447
11597
3840
12335
22652
24571
7288
12674
2193
8146
10226
31834
30076
12537
11273
2994
11740
10463
25727
30743
17561
31010
15756
31151
23250
8624
19829
19323
1559
20012
3169
21465
26329
25235
15977
13901
798
15135
17390
12928
14713
9067
17455
29833
24634
18649
26138
14956
25826
11313
2915
29408
32730
22154
16852
14678
20580
21870
24292
21302
29905
16953
31114
4716
29429
22722
13907
16675
1240
24893
6579
31440
7598
29024
21656
5747
15113
18629
16197
1562
22094
19600
30302
20390
2661
26193
20031
721
16821
18988
4242
20592
80
26679
14369
9974
7786
3363
7912
30778
1808
30239
21103
3194
20247
23545
599
1695
14418
14726
15666
32194
29960
20805
28568
20464
16292
13887
22903
4650
6831
23601
28074
16816
19708
29421
20429
6784
28194
4350
25680
14105
5935
29067
9931
23940
2971
18814
14993
7573
28283
30692
27016
9327
22519
5527
1336
26950
24318
10267
24097
5993
27449
31687
17746
22911
25405
26917
19511
27152
2820
2459
14003
3400
9886
8010
21358
22520
13604
13366
11889
26590
22510
13479
20976
28966
14853
2256
2406
17712
3035
29103
23272
13972
26426
11572
10930
32356
12155
9637
15623
1713
16888
12353
2616
15952
2756
7972
6402
23005
20889
10858
21276
9729
21265
29847
2065
20209
31257
11831
4684
16695
19875
7361
21105
1973
26268
2241
29940
19175
542
22326
13796
21864
998
21049
5895
16824
32008
25824
15404
13628
2785
20066
25021
19590
8782
4220
8596
7383
6939
7443
31247
28386
4031
1818
19303
5843
25926
15030
16189
3472
3982
160
20086
12095
26038
20684
22857
17160
6868
14408
1430
12316
12006
22118
22394
1014
27660
13597
14368
11745
17396
173
24282
5050
8597
25218
20592
25591
800
859
26808
18664
28723
30891
8806
24893
8272
8511
4390
8649
25999
13602
16872
1157
12175
3262
30075
10456
15026
25411
26974
18709
16266
6221
8915
10566
13966
13505
28724
25384
1042
14071
5258
13174
8310
27167
20828
11370
4253
19677
17093
29058
17056
19255
16841
24704
8900
20401
16617
19380
31914
28598
22261
10621
31942
14138
27682
23822
26130
22430
15709
31854
20484
15828
10718
14274
189
21443
32511
17871
14211
28909
13903
31163
31601
15951
23010
26131
17005
4488
748
12563
1115
830
9870
32289
3728
17598
9456
4250
11146
30946
20112
3025
29406
5176
21466
29781
21873
2144
21240
22131
14827
16054
30699
13820
15721
9778
25307
11081
27763
22668
18603
20859
2093
6819
465
27143
11217
15391
31589
22899
26204
6741
15991
24922
7304
19052
422
15286
18171
11966
30958
31583
24766
31617
22466
21966
6640
28327
14683
14887
8892
16130
25423
22903
8840
1708
5733
1081
12143
11430
25000
288
23026
4543
11194
16656
8426
1208
26219
5229
25025
16805
8330
17817
6370
150
27132
15544
1646
22391
15882
4279
2865
29493
26623
10636
20948
27683
5619
22463
6228
14747
3554
1321
11699
2280
14593
25340
30701
31587
31057
14595
5677
4061
32116
14891
29505
15165
1728
579
23627
29802
21906
8448
28602
14188
12260
22084
30841
17358
13858
25503
2406
6726
31290
5911
27910
32152
3315
29476
15735
31415
30079
6143
14502
15405
18259
21020
9410
11454
18998
29173
22768
11592
26776
20746
15936
25070
22566
10278
23775
23157
12443
6883
18831
6638
25817
7280
1877
16790
21048
4498
12657
25338
23070
21481
403
15711
14800
31349
1612
27232
5255
2905
7619
15833
25543
31454
2217
23812
16876
7098
10607
20706
17158
25747
17334
6109
20454
11967
20487
31403
14201
21070
14276
10357
27221
17226
3422
24121
5266
5181
5321
7533
2523
500
12333
13797
14276
27779
1247
9974
4702
24969
27791
7132
12042
7093
1731
1881
394
7049
32388
8863
28510
15710
22614
21360
11597
28841
23662
15748
6978
29820
28960
811
4697
15696
31127
31027
22842
26625
3272
21004
12966
24090
6312
1066
14927
3923
17821
28587
1005
25688
11827
1850
12430
20172
16145
51
28205
6798
21291
19975
5511
25659
24633
27875
23082
22772
18279
16268
16591
9057
7758
1166
20457
10741
1059
9877
11902
628
22318
27675
9526
16051
24190
19011
13746
30368
15324
24325
15390
13185
14845
22156
20234
8321
19196
16348
20853
9320
19207
5304
27435
18602
23384
30915
23378
4515
26982
29669
22847
11297
13917
11248
30606
5155
29388
24964
15729
6368
17054
13360
27208
25099
15692
29145
6002
23126
15953
30048
11363
9013
6621
22655
22775
30180
2509
31988
2566
5547
26331
12514
3129
14177
530
29300
20764
559
12934
5827
2676
3478
27457
22522
4050
179
28032
3768
17000
14018
27424
6837
25372
3298
11603
16041
3803
15639
5015
29545
21808
27285
32489
30291
7445
17212
32053
5869
19465
23135
18706
1993
25442
8393
29100
13996
2021
7682
16129
28654
10132
20174
9809
20772
12743
19703
25295
20221
5502
9292
1693
21098
31222
30954
6135
12546
25978
25274
3759
1188
18044
8763
17881
9822
4836
4738
13767
20621
29096
31871
2616
11334
8861
12161
26828
19957
6285
764
31675
25924
31113
9611
5319
9279
31104
23857
31855
8629
17169
7396
16742
15073
25246
4940
7235
14409
26530
5832
15226
14823
12356
4786
2955
11911
4908
23012
20345
23152
23445
634
7550
12614
19363
11994
5117
1839
6391
26610
23224
23861
6018
27841
17475
19692
1686
6937
9145
22356
13379
21923
10925
6912
27360
2851
25443
13688
23784
17149
6976
21469
776
21241
20864
14027
8309
8771
32295
11651
24963
7606
17722
19530
18548
16729
27182
25100
23693
23338
6049
28997
20336
27419
20296
12322
3237
17499
5673
21475
26490
21462
12554
11139
23309
12287
1321
19867
4263
21965
28973
23940
8267
14083
12893
11195
16271
32181
10768
13706
21163
10504
5988
18405
5072
26425
6451
18835
17595
20705
3139
28814
7817
26999
6589
26283
29645
2326
2529
8573
14560
4992
12023
29047
26232
8292
31881
3154
27260
30940
7887
5806
6935
3642
9835
28924
24588
19972
7255
19355
1609
30525
4635
17985
29118
21734
579
7837
8559
453
5392
12859
14792
6501
7534
22439
2353
31326
25126
21205
15075
32214
1877
26816
11258
18504
11293
22098
5835
6021
4250
11908
2167
12792
22551
25542
21697
23341
15234
161
31772
29077
16414
21403
14344
6531
18040
4699
8607
6523
1436
14349
9835
19372
18056
8968
16251
18619
29665
13742
7862
12226
20965
32404
18031
12185
29345
11236
16185
13652
14948
19967
24572
25612
2163
11622
23624
14819
22526
14298
3306
1602
27987
18626
9917
5477
25426
20686
21443
13594
11553
8410
25204
30405
24609
23573
32598
21160
23072
21858
11470
4193
6096
23550
27958
6324
20343
15203
21295
5259
9193
29293
27705
32059
948
26044
14721
521
2202
4441
11001
26349
27460
32156
20654
16534
24372
31565
13911
12717
27388
27401
7465
3422
4269
5095
2035
789
23187
19804
19814
14213
8223
92
9396
28399
5925
17346
24670
11425
1352
6130
19270
27581
9650
1469
23564
21819
5896
9349
12951
5937
26012
19361
5106
16722
1509
29442
22618
19125
21293
1815
32661
9433
26250
13295
24453
32741
23055
27550
8444
9268
19523
11233
32466
1296
14290
18181
31541
28862
29571
13316
32577
444
28266
10738
6352
13638
31839
2711
19092
19230
18095
24670
8803
21133
13585
29550
2513
2213
25307
14870
1284
27594
29813
10350
21444
10353
24846
9019
10450
17190
1167
6676
27515
9172
3533
3267
14188
26177
7427
32750
3784
5080
9855
9463
29304
10923
28059
14624
21699
5560
11247
24563
6686
31339
14533
31969
7237
32613
17613
20521
25482
28796
32275
23291
2669
25603
12333
20189
32622
17739
13497
3151
6431
26729
18439
29866
12413
2874
5650
4942
13696
26533
5045
25084
29169
15136
30747
11393
28284
26486
27256
22421
11782
4295
14326
3842
13121
23760
9715
7945
1149
14188
13417
32001
8641
16475
25773
17217
8474
17987
22621
9280
25907
29428
23699
6395
8742
3312
13663
20119
9362
29227
15733
5960
3822
12303
11810
25201
284
23747
9093
13
24129
5549
12539
13133
9429
18230
6619
22658
3318
8653
612
8766
24834
24622
11507
12726
17508
17124
6009
3691
23726
25868
3373
16650
4329
20061
126
5520
21288
26213
16716
18609
10340
11541
25431
9339
25219
23680
26872
20535
16570
22496
1551
22416
27157
3034
3900
11511
30292
9219
26962
11077
30969
14754
3336
23202
17055
24504
29426
31910
19597
12349
31664
9151
651
16045
10342
22995
24309
5059
14188
6694
3341
5764
31046
8829
1429
1664
29142
24452
22942
27477
6608
30829
8091
7540
21615
15834
14009
19496
28006
32765
21619
9428
13082
4093
4192
32636
270
28828
25168
13446
20126
31256
18072
32706
5617
30030
31914
5289
10025
29221
5097
18402
15324
23850
15035
29195
24264
6264
991
28597
31682
7131
5633
25264
11248
24629
31115
6282
4664
6688
30911
14930
23544
2004
17923
10657
14840
22092
23675
11996
26013
24996
20189
23731
1631
21702
30849
19693
2940
27717
17592
6760
19950
24713
95
15451
3739
15149
27060
9951
9421
7077
29288
21678
28897
12068
26613
7722
26435
24508
30257
417
18330
32456
14371
16591
21567
28295
19222
30628
7668
3849
6125
4168
14291
29263
18102
14429
26500
7086
4226
15236
9651
20084
25459
26402
705
12238
3350
23396
17338
16361
24307
28032
19336
28248
355
32574
9318
19894
26786
28600
15767
10892
8229
2397
12631
2420
24622
4412
10002
20607
8605
23424
9684
8149
9225
2358
27393
7579
6671
21335
6470
14618
28650
1794
21455
10525
24644
5897
6586
10650
19276
26287
30156
15509
1033
12720
22115
29250
2030
13698
8620
31850
21678
32731
23062
4367
20562
1651
26375
24659
30600
27659
21965
8598
17982
5806
9943
31711
3695
31543
31525
19837
12605
16915
13821
5870
28225
10568
26336
3327
15647
18358
4028
5685
25949
5533
7011
14188
18549
24160
6204
13246
4648
32649
2872
25510
17174
6412
28424
1893
18828
4816
13198
6309
7325
7019
20881
24413
3444
1070
18100
19956
17128
7777
3497
26793
4945
32207
26274
15410
12442
17542
1032
10147
23192
23512
28528
32146
2970
16037
15051
16505
21314
14557
20956
32347
21395
16448
32752
4011
5194
19048
32201
15721
8306
17418
7131
4750
8755
3449
23739
23722
28907
8299
5076
8140
17792
17152
23644
418
2292
27648
31878
28641
28985
15460
2297
1511
24647
12825
23682
30112
14701
30720
14341
30630
8420
30521
7866
1708
22954
3489
17045
27164
13709
3481
5382
21503
19334
27402
20451
5662
26697
14758
2723
12902
27930
24688
12236
19089
4322
9854
26286
13059
14210
31997
17746
11506
21351
10871
24238
3018
1375
15185
282
18896
28331
23448
14600
20485
26965
32253
27631
30029
6852
29725
8072
30928
5261
23558
16701
31649
30604
1783
479
15774
19764
15720
6551
8599
2851
1098
2079
15538
29945
18320
9521
29965
20587
3566
5440
29606
8083
6625
30311
28024
21898
7151
22943
2023
14649
23088
23604
23646
27244
28941
30074
24375
15656
4424
19644
11739
24383
24381
11125
2090
31777
22375
24514
31005
21237
23589
8984
29353
29417
20670
22834
24807
4550
26019
15182
30835
12487
31221
17305
17426
939
13895
27880
13719
19977
17573
6824
15879
10980
18901
15640
12539
29311
988
1462
30534
12914
12741
16374
21720
27646
10397
8762
17890
3230
14786
11007
14139
21726
20062
24148
7683
8560
23598
30609
12934
19069
6024
25413
21090
3385
1692
5488
19949
13242
23034
4083
9425
28426
11860
11588
30201
6011
7045
870
9905
18234
13523
29465
1288
807
24177
14158
27001
26084
7240
2269
7115
300
15864
10874
32566
26983
3097
28902
18887
8059
23238
7010
19206
19684
9564
4201
1493
1543
6015
21150
8603
1731
10078
16900
30370
7498
9528
32109
14782
14127
25632
30773
2864
17600
24573
6191
27849
26261
1236
28640
25427
6505
31562
26859
18220
21545
7780
