14775
30375
11197
698
11575
10452
26735
26429
29479
13019
5144
28490
292
16564
17501
19781
9750
29557
11409
25476
1544
15825
6184
9465
2103
27103
26991
26897
27496
11293
28795
14043
29823
26549
11871
19309
27470
2047
22691
24452
22955
4934
12529
28778
16581
23247
1296
4125
14520
27671
27415
173
11870
10077
3546
7910
13160
8032
7593
24623
5294
9834
14650
26546
10948
11405
25315
30397
6350
21293
22028
15464
28053
22975
20709
18553
23258
18383
9812
9604
30442
30792
11314
24151
15474
27120
22966
29333
15509
31026
10801
32416
14140
26400
6140
6844
3501
20920
17327
13682
17248
358
7060
27955
269
12235
5980
11582
19978
11197
23568
4548
29652
32399
23626
22345
16364
30354
18596
22861
6116
15067
25713
25644
5049
19527
4779
24131
4707
6077
12077
3156
31915
32179
2082
29995
10813
29428
3006
10370
7422
7840
32300
27939
1695
6516
19399
6732
19571
12875
19340
8279
32125
23525
1487
1178
28366
10216
21294
21645
29198
29476
26564
21546
23128
10011
7839
27546
17227
13505
6515
6157
20061
11392
2191
25578
19059
6015
12049
10792
31151
30244
30550
10491
27017
2008
11189
10164
4386
16394
10093
13282
10708
3190
5083
14782
30222
20647
1521
31686
27231
15034
4067
11687
27856
21862
6947
13920
7799
31545
7824
23973
25417
3876
1259
26753
7216
7738
22410
26944
18270
20149
336
18060
31456
16442
15836
15830
28022
16734
2305
25848
418
32360
8822
28440
1791
3416
31183
14543
9684
31529
5804
24458
10473
15956
20785
26673
6553
12949
28342
14599
25129
497
30399
27346
27224
7928
21550
13627
25143
13384
5815
31351
12091
11602
26773
13863
12177
15457
3195
21373
18353
472
30670
11937
28214
14522
23825
17747
10733
3184
15009
23249
13868
31687
16802
4859
16741
27961
10553
18613
31226
22637
16891
9101
23891
10497
23974
12446
32047
16006
24335
691
12087
11724
1628
7600
23257
10080
19827
12590
22867
10068
26803
26214
7182
21054
16353
17744
3374
9091
29541
29964
24167
20694
16822
23424
14866
1787
24851
24643
2688
25553
8564
22201
19342
20879
27328
21376
6777
10062
27456
28939
30708
13000
2644
18317
28792
3935
29540
7193
7900
28257
19738
2823
15653
13450
28878
12697
14239
4298
13890
6879
30253
28745
10128
29655
20445
29609
12640
19161
23743
18827
9054
24114
6648
4692
5356
15888
5138
12593
531
17822
2966
11864
13504
12143
18397
3729
20013
18720
3107
17397
1181
2617
25309
7158
26956
4693
13132
20128
19110
21123
21843
4895
1719
26091
6022
23936
25059
23989
27523
10684
13783
1062
11397
30706
3263
23308
13366
24052
31929
22877
12741
20997
22410
11291
30521
4833
657
32378
12549
20734
2809
3397
15324
32018
18994
2430
3270
24533
11937
3653
24436
24328
31894
11770
7888
5046
7039
23206
15321
5562
17244
11671
26286
8321
7795
21067
24040
29969
13125
6288
18477
7498
10944
29160
19459
29804
18102
24114
23009
6362
7310
2951
23692
11038
26682
11619
17313
32300
2921
20229
7277
7403
3325
9496
11525
18673
11455
8850
17811
22158
24401
21725
15343
2573
18021
19253
17775
23094
31021
3409
8959
15384
12562
25925
21364
23557
11945
167
16413
26589
27363
11504
6043
20112
26756
13094
19187
6366
14806
5816
24802
16225
3742
15274
4977
8654
24143
14321
27592
888
638
21537
20551
12565
21910
32581
14547
13253
10701
14862
32110
13648
11350
15665
29451
31151
2264
24330
19104
4559
24864
31877
26236
11153
27923
26942
6619
8981
22246
10983
1720
14648
10129
1003
3554
4955
22400
4432
1362
26727
22412
32738
10428
32525
9771
7310
30820
24915
17635
17420
31283
26956
8709
30145
4362
2854
19095
3555
24150
107
30866
27358
25061
14464
20814
502
19448
12914
26682
10030
13721
9201
22992
3177
13102
4509
4808
15312
30031
15489
6028
4467
27605
2269
24557
30771
7987
16937
6932
28127
13322
24662
28603
4765
19703
12887
3229
18316
16048
4576
7466
8359
19023
1134
30336
11757
20973
28039
4247
24511
15219
13891
8123
2697
30125
3595
25152
19876
21408
10401
30321
24955
12830
7520
19657
4333
7063
19398
2662
25075
24114
26927
28602
12675
18460
7139
6020
18100
32288
18259
8702
8482
8313
28064
8280
1684
12772
19037
21606
5084
29945
2710
6294
21759
13242
17937
1060
10390
9581
7635
8081
29300
26279
9190
15697
24969
14250
28762
19140
19718
29936
1930
11623
27842
32264
30113
76
28893
32417
17244
17863
15523
19941
10257
24939
18611
22536
7408
28212
28768
17952
13705
17670
11863
22583
24974
18262
3202
9630
31706
16935
19245
14213
19123
32057
872
12745
21836
19069
18604
32269
12942
10699
3521
11532
13592
21719
20702
557
6277
18274
21267
23897
5101
6061
24292
30473
30126
13107
25143
8867
11372
21399
24432
2822
24918
16348
31194
7523
1963
11732
8521
5712
1405
22491
8445
25879
22966
6853
5578
22868
25432
12308
3958
20159
11785
22638
24931
19270
26574
2639
26221
17247
25623
30972
15382
30876
20476
1976
14561
9855
31686
32057
8699
29073
23985
2909
25632
19630
12784
32538
21437
18595
23538
11443
14418
507
27876
27698
10011
8469
29559
14866
28911
8314
30947
20540
10088
19822
20268
19253
32068
14021
5283
12181
1547
32248
4273
25531
6386
15992
19920
29119
23296
32578
5338
9640
13423
25268
11654
23519
13653
2207
2095
5092
11652
22173
13528
6976
31662
6821
19310
25787
22477
15324
10572
24526
7361
28078
10245
25691
21819
6430
12637
1692
4059
28762
21656
26458
16021
24723
16632
21599
9561
22027
18817
19757
7155
1648
22015
16368
10032
13672
25930
4786
11586
10093
1225
19662
18789
14043
24885
29863
707
16199
21663
30105
27285
21267
5557
8752
25996
28479
27713
9880
9327
8578
3826
32597
4101
21658
3679
18484
11317
14048
29001
30594
13932
28447
26144
22907
831
5030
11721
24581
24402
6044
9119
6815
30584
8852
1720
27284
3099
1633
26729
18292
29663
18220
25612
10180
12674
27076
1024
25077
8455
31796
30706
6547
19
3227
91
3263
21911
568
13130
21983
31919
3269
32356
30100
22218
7686
2601
14573
26892
8609
25209
20442
26864
26416
2134
10211
31794
29333
20715
24345
12268
9869
13773
25421
27391
32137
31362
4481
24500
17593
19264
27036
16547
3433
14582
10850
15572
18576
13969
27042
1829
16550
31608
31921
27883
26039
28504
17688
16348
8118
807
13706
5933
6931
7011
8985
11255
17295
28571
13993
21727
24912
817
4772
25846
3120
7006
239
29150
26971
22134
15645
17711
26393
18542
12003
32024
27368
16539
10444
8266
9678
7356
32558
10513
749
19771
2909
19396
25688
28336
28446
31840
8741
7335
11359
30576
32708
24995
25893
21040
2959
26723
22469
22001
7329
21091
27479
10943
25324
22438
24680
5442
15750
5043
31215
19426
19268
9182
12930
10030
27018
31432
20938
12671
5473
3369
30261
23000
25290
15309
26346
19985
32339
7901
16898
16437
27879
5728
23285
6952
32234
17409
23890
27277
9094
21011
1972
31206
9535
11218
4849
28413
24782
2796
6548
25476
3372
32320
5006
16888
13293
19941
14888
27083
21711
24686
26684
24257
26515
1388
19109
1947
12299
18741
29940
16371
6261
13796
11876
16743
1543
9633
2833
10233
23499
2595
9572
5558
8109
19826
3026
14742
30163
12274
14022
15780
26156
18333
6875
24670
8268
1168
11087
15711
12663
24265
24757
2363
24827
4399
6121
17579
9923
1490
23881
10986
28714
22389
30754
24414
9997
3146
19049
7803
12068
28156
22700
30181
19858
8946
3655
18388
11962
27859
4571
7613
32341
12357
15868
3631
17857
10747
4650
14843
1180
29934
12291
9367
14226
17898
14518
27588
16755
77
7867
8815
27273
2060
16322
21205
27176
29942
23273
27627
11910
2877
14129
7677
22221
7474
3635
27285
4975
14928
3855
27550
24762
20348
3494
5577
20396
7307
12809
31280
20744
8965
15408
19258
13993
29224
12272
10430
24343
29744
32039
30571
16216
8406
30778
18279
16137
14615
14017
3638
6829
28726
9344
14302
16452
9732
25754
21320
23072
5727
21249
24042
31732
8697
14897
29347
9774
5211
4382
24550
4998
2857
21866
26907
1239
25255
21980
14146
32558
19324
270
15578
12321
28086
3173
4353
27747
15631
1862
1500
31893
25198
11911
32313
11358
24241
5156
18035
20413
19114
28468
29846
12958
22631
10267
5060
9900
31159
29952
7896
9063
20457
6786
3656
11382
18647
9382
32080
29246
3364
11284
10829
24755
9153
31620
22119
4206
28342
10611
18546
19969
25887
31258
30486
11143
11892
7584
7726
20607
782
7823
17263
31706
30183
5253
28234
27730
2978
28460
5907
8958
17099
28011
4450
13347
29023
5342
30138
6734
7055
15748
20072
16287
10177
1464
2990
12648
5080
16995
801
12791
4021
16239
32336
7343
8445
25727
7334
20574
13341
4573
3218
5066
16012
18867
24548
10381
22096
31103
32635
35
25284
30657
541
18242
19096
2550
27302
15209
17177
1738
4453
32444
9395
26762
15555
24079
26804
25560
11557
15681
13394
22178
8212
7627
5360
9045
3740
29592
20893
19533
10993
15384
30174
25489
24921
2960
31149
8893
24645
1204
10945
16191
27585
28279
15120
20166
15
23586
6291
20472
1935
7075
29257
11108
10211
24104
3710
16567
27215
20205
22093
21554
17254
3154
14948
28763
15843
14129
21767
4083
19669
3182
27992
9257
2303
15568
16341
19213
23934
30479
12322
19015
26540
22574
18441
8713
3653
13834
10175
19522
5064
30772
19304
31765
10272
29436
18910
29065
15748
30926
28846
13698
9372
5570
24932
20976
13285
10606
5129
23110
32342
21247
25321
22574
23876
25480
922
28794
20867
19097
4409
21598
32718
12564
3063
21213
19560
13884
29140
7810
23044
783
21675
6992
28643
10198
4463
18683
2876
30714
3252
7513
8160
22553
6257
25363
19486
12889
26372
28832
996
1276
12150
19316
30504
16181
26369
2932
14214
24634
13263
4782
24875
3227
32005
27975
19185
3538
15360
28084
459
28699
29406
22829
4964
12934
27713
14431
27651
15690
10319
8290
19378
4700
6910
2026
5791
27712
8078
31937
1218
16160
17751
19829
29888
20507
22980
31566
26128
22239
21408
2178
24156
23930
912
30380
15914
21101
11745
2427
18619
258
29060
8615
25395
25568
8279
17450
20219
1501
27815
8620
25444
25875
4082
12863
2701
3126
20209
14668
1414
22053
32469
17869
15285
4030
28626
701
6521
27639
24794
27597
16910
32298
24747
14937
6321
11953
16395
7834
25860
23987
31058
6429
5811
10301
12586
2164
27736
917
13459
16171
412
8907
6186
13822
2207
23184
23722
11848
12955
30539
15539
22719
3012
14698
1994
21599
20082
27638
11938
6564
29057
18795
25753
9724
30200
8902
31366
31612
14314
31967
22194
18642
18074
6137
11812
19835
2018
5528
25378
20022
10966
12435
11508
11704
11684
15209
27883
32161
31423
22744
21666
7087
24892
8876
16772
12081
27772
13014
29070
6847
24331
17085
30038
13865
21704
21721
845
25773
20550
7293
4161
23405
14195
6132
20774
11296
887
4304
2581
26631
10207
30335
20117
28450
29947
18207
5914
16293
31108
31379
20427
22950
10114
9175
17544
2840
16493
15504
3628
14332
19603
20200
25871
29398
8633
29080
31952
31070
15621
19014
19793
27001
29724
2578
27906
16999
16775
6252
24675
1598
12379
24616
708
3991
11033
29396
27727
28551
12755
30281
31049
26577
15248
4224
22165
21849
18162
17831
14202
7900
24086
31860
6310
31711
4540
7354
13426
10213
12200
31802
3175
21989
14408
3515
11265
30715
22422
1629
2228
12126
25920
27946
9005
30866
12294
18670
19930
26591
6244
24648
15532
2561
15986
16386
16924
15649
18184
31646
23916
5636
31781
23601
32303
9603
19602
29045
8459
12859
28354
14617
10686
14981
11005
20571
7775
21161
4286
25561
10214
13134
7001
20900
31727
3125
2528
12695
5051
28455
28232
14311
21624
26412
14280
9722
3266
4094
15490
15741
27497
16829
1637
27057
21365
9444
26450
4869
12647
17020
6269
20714
13762
25744
26903
28131
6346
23264
16426
29147
19340
30681
30148
9916
14878
22981
18263
19261
808
21568
27488
26620
18595
3563
2119
31436
32225
9828
4742
27728
22222
30837
22030
969
15477
19595
12006
19756
27334
3946
13590
9592
7062
24864
24515
24902
25319
4151
25499
16801
8298
21807
20596
11033
10818
25132
12847
21267
5387
6891
14563
22371
15643
2298
11320
29725
29959
24617
11792
19367
32105
10044
4205
29971
10721
22754
17039
17580
22362
4331
6492
719
6031
6581
30469
1277
13773
28135
5607
23853
30970
610
31407
4967
18134
27765
20930
7566
3201
14416
15324
2430
4158
956
19958
3415
4214
12553
18542
29207
21504
17991
18786
3183
3999
19641
32348
14287
17612
17542
6453
1988
32182
178
3123
9091
2696
32589
20853
32710
9194
4586
16785
27350
5834
27219
15739
7913
23900
24443
12201
20143
18783
32436
10356
24616
9123
15650
6594
18872
25800
23920
30178
17789
27464
24001
13751
20192
21176
490
2585
7786
20554
19934
15480
6106
14487
1129
706
24180
4763
32290
19079
923
23553
27803
16220
930
25249
24026
4221
1248
22344
5133
14774
3330
32183
1401
21379
8357
7662
6324
11894
293
6826
28948
15833
31919
20780
24423
5525
1182
9788
19172
32594
32260
25710
9826
27360
134
20388
17864
15829
30574
4564
10181
18040
22779
25867
1985
21982
26619
7858
19475
17747
13212
17
9332
27388
18816
28689
27827
16826
19983
582
10155
18512
28433
28460
9843
23497
25724
25009
12244
4372
29578
15860
15360
20978
10255
17741
6272
16658
14346
15245
2159
10617
17786
29063
13542
32040
29299
22735
439
9977
31600
1217
6750
13259
19435
15557
19252
5854
16683
978
31462
3456
3934
14641
22566
26090
31975
13956
4000
11621
26617
3846
7728
2481
19045
21524
4946
16806
12208
749
22490
14620
20841
32694
19685
25609
19897
16833
22287
29929
11324
5390
10726
19043
9487
5394
26527
24617
24107
17592
26888
18208
4849
26534
16830
26817
23045
193
21664
6591
32096
6643
3203
16361
6305
14636
3368
3923
29092
9894
28779
8880
16214
26734
25532
29443
21192
5920
14803
29303
22146
28657
17568
20106
6169
18419
2945
7537
4100
17557
12728
31416
7083
32105
8476
22314
7617
27435
19726
32752
30932
18430
8623
8445
6178
17656
29521
18089
31407
14561
555
8859
29844
11320
26192
6125
6810
26231
30690
21131
3079
24729
1922
28124
3768
16600
31500
28325
12656
17339
8833
5162
26736
13904
22853
17558
22600
26038
18315
6300
17132
10207
22541
19039
19210
24980
13824
2959
411
11706
26439
1749
29113
2515
22247
4210
7856
11208
25531
18979
10327
25829
18281
15943
2465
13861
27028
13891
9583
31152
29523
20518
5544
17826
14050
6025
28812
27662
16280
9658
30789
15427
7705
3353
26815
26957
17613
5057
22458
14783
2193
363
23326
25776
6572
1168
27022
16388
2308
29390
10559
9197
11666
26765
8459
10160
32275
3042
32705
7085
13056
30388
28096
25754
17601
3101
7364
7183
6686
15634
2559
6727
31478
71
9836
19749
6963
333
22880
117
20989
19197
4450
31605
20782
28954
22332
6035
28934
32050
5970
13433
25633
8901
5427
11591
26533
32426
15726
13087
17344
26029
18855
12519
12370
1661
27369
7242
29158
25286
28222
22528
17127
25498
3965
2896
23825
3349
28260
4819
14117
5441
23014
28282
19169
25143
26054
20690
30511
13191
32357
13191
21149
31450
28377
5416
525
10198
3390
17449
26541
27458
337
23342
15914
13675
22843
21127
29729
29638
24746
19190
23511
20950
28198
30137
809
336
6819
15812
18374
19838
5970
5711
31643
32225
5565
4752
11663
19482
30227
10954
27249
28939
12224
21126
2606
3385
10305
17440
23880
28788
27703
9606
20099
1211
32442
27197
19682
24666
13039
5797
4561
17237
17373
18557
6052
1033
7804
10409
21568
12049
4623
10803
3096
24167
23220
14993
20828
3019
14906
18214
876
25193
4914
15371
25235
21430
14921
24590
3058
29595
29141
12795
29114
24533
17325
11035
9119
13980
11582
2811
31625
24706
20955
4206
652
12703
10069
17365
8730
9707
20684
13982
30071
15595
7108
23563
20334
14480
21371
24373
18499
17244
24187
6736
26600
16838
23147
4912
16499
21216
10794
8460
3280
17463
10783
8067
10163
31994
32458
21212
28369
9311
12703
24978
26192
1859
4117
1808
12412
273
250
25529
11707
27620
17417
3627
22723
23536
20414
18885
13066
10782
16745
1639
21886
4598
4994
3448
31095
26306
3644
46
3562
9200
9820
2825
11487
23737
15948
29345
1317
20224
32107
23970
3140
7549
12712
21
3251
29978
28495
3041
25675
8605
25378
2705
1788
21896
2732
1111
6591
10557
18130
6225
14795
5478
31915
27148
17420
27796
14482
2119
12497
6182
1913
12537
22469
7277
31360
5781
12320
10254
2246
2700
24862
12967
17278
12563
14001
28341
4166
8744
20082
4789
23989
7119
4318
15753
1587
10658
19135
31262
21774
25992
31464
9804
25034
13765
10277
16637
13752
11315
21362
25490
28618
27342
23147
27266
23205
12662
24068
4420
10488
30961
378
1392
19468
16176
5514
13601
6301
26835
992
23709
11753
23535
3794
5944
21254
14350
14670
30581
15992
20343
27409
27247
31747
17840
9498
27255
25790
30530
23135
17663
23913
3772
16574
30647
20224
27386
11830
26869
3472
15015
22103
32602
8522
28929
31735
23731
9686
30684
27431
16413
13290
17130
20326
21357
2330
10297
14868
26574
25074
8701
27945
26028
14914
23952
15910
29649
26553
15287
9548
6606
17077
9767
19724
24989
20826
24136
13760
15492
10466
10552
16792
12092
31027
32019
15575
2387
30391
4978
13887
11215
5736
1329
15305
8980
20522
21366
20378
6152
23390
494
10547
23668
6580
9818
5864
5806
9280
4427
5011
20597
11985
29737
25737
27932
13694
10362
21453
19179
10369
31841
23172
5058
2633
10341
20393
255
13258
21108
28418
5794
13080
16936
19539
6575
30772
10825
1745
17876
17445
11154
20697
1612
3659
29880
8162
13827
21489
9128
6321
11003
1569
19472
3020
4334
2492
18210
5680
22325
32202
12437
14918
13800
15374
13548
1300
3655
18397
5370
5040
10840
7985
678
3323
8146
8698
15084
25483
23098
948
292
29673
4172
31550
24455
21245
10396
9450
20719
24774
20861
19153
14302
29519
20514
1897
18114
11742
19203
30297
15735
22638
4994
26507
8206
19295
13007
18563
19149
17261
15881
14320
1910
12767
13734
30593
1997
23808
29716
12282
26964
25811
28576
15239
9817
3
21400
27216
6194
1305
13484
30029
28360
5105
25754
4956
16722
29551
10507
25745
7267
30574
22967
10189
12583
761
10704
28306
2537
31422
8350
17173
26585
15295
1383
29845
11789
27211
17041
32236
32197
11565
1034
14948
26611
10531
5352
23755
22523
20626
16461
23754
7095
23415
14734
20082
11454
31649
20372
22552
7910
8478
28546
14947
22535
25331
14999
7843
29954
24592
13143
8036
2
11394
17893
16196
23554
7915
12212
16897
2448
4655
2654
7126
10448
28529
32212
27400
23747
5182
23992
12220
29641
26887
13831
13835
31077
15317
2811
26200
5441
13112
20528
28641
23410
28032
23301
405
29180
8240
21573
1318
12185
19376
27911
4190
6070
22338
23250
182
22463
10551
24325
29989
10652
3939
23926
6710
16252
3022
18010
31837
7377
22956
22373
21643
155
16016
30770
768
17642
31708
13796
11361
22430
29820
8718
11530
12402
23252
6352
22181
26681
31478
12867
11259
21863
29977
25367
3851
20946
31815
4219
5465
3514
27989
6973
30345
5127
21016
9779
18732
25555
9430
7129
474
17192
26619
14139
26753
12043
26125
5142
30716
3257
11746
2618
23528
48
7953
22578
179
3057
6822
24871
27125
24069
11290
514
17156
28222
16002
16849
24003
20927
12806
24940
5050
26558
26005
3672
15724
17289
2263
15595
13284
30663
19043
28081
4242
9985
13875
25103
8021
32097
22612
1062
14041
30649
30690
1530
27427
7110
32308
31700
20074
1463
24148
30181
13353
28393
4274
23851
10866
4597
30489
6041
7557
4076
15585
14194
22945
15073
1895
14838
24346
27048
2746
6464
15532
14558
22167
13679
25615
23849
28568
22788
11467
27329
2216
23691
31054
13872
28858
11646
12860
12886
2235
15462
3078
28591
21956
5699
19134
8409
917
11566
30762
18512
27455
5181
16407
29565
29216
12967
26351
9967
21780
12840
3726
24552
13290
11431
15698
20251
28949
23831
23409
12468
14756
22427
6800
26009
18805
3309
31633
12783
16293
7424
26284
17633
5962
15588
2497
28060
6245
13291
28908
8606
21778
13322
3419
14385
1794
4481
7772
32562
24875
7614
12474
3351
10686
10623
10314
29745
12378
29240
1985
15149
29823
32436
27336
16097
4165
12030
26195
24902
15182
898
17198
10688
31225
24432
18136
15014
19672
19041
32405
16382
29797
30013
16575
15240
7408
1628
22621
20991
1756
28907
3831
32155
32523
23442
2216
18906
15255
23123
9844
31872
28867
32694
25308
20444
12849
2339
23728
8782
29781
10895
1061
16134
16937
15707
7719
9230
31522
22136
4592
27019
11619
2000
13530
11840
24626
20705
2161
11603
25256
683
7885
24916
29356
6861
6431
22651
20514
23019
29833
7729
4191
6482
6451
24018
17888
9183
24475
8882
20540
5661
44
22878
26712
2477
8467
30244
15578
4075
30286
25813
13024
16334
10245
9673
7921
23312
29470
15396
2612
20111
14348
20824
22495
4596
27623
12779
24307
10898
8130
1915
19495
21905
4665
29695
24609
7499
32585
29263
24044
24054
8805
8167
15783
32132
7877
21479
30586
23239
16898
10079
31439
14297
21728
21194
9662
9147
28266
1240
20680
10044
32069
5745
17097
14620
31550
16374
8488
15730
32549
13258
12369
5195
8414
16913
30821
31636
25525
27063
8751
18490
6898
31412
8283
14991
31917
11663
30946
29168
22244
21537
17097
17317
6859
1948
11275
30984
12899
30668
7124
14569
21582
16284
17647
8242
18914
25307
15490
19911
23420
22848
26873
26032
22295
19116
23872
20346
25885
24752
29749
13274
8060
20815
16477
32148
7933
1797
9173
24987
29394
2568
9356
12922
13933
3789
20656
754
14745
19918
18278
23525
28355
2187
14782
2419
5016
24526
30694
17250
18390
24372
24222
13507
1627
25065
14571
9938
13443
13491
27152
21279
15280
6450
29626
8427
24874
3686
11387
20949
20522
625
14969
25014
2609
20894
9832
7625
12702
13987
6837
14095
25216
4131
8964
21489
3497
8055
32733
25896
2564
9390
25250
16858
20520
