13730
6488
24505
29817
2368
29127
9171
27194
25359
12131
5408
30252
1266
18645
23225
16849
21997
7774
21485
28433
28893
7610
15504
31547
2919
23883
27541
21319
18735
29299
24544
32094
20298
1858
3925
31644
11253
29521
11317
19476
26247
23533
21674
10772
19364
8056
24736
29867
18868
4109
16855
24169
29075
16739
10806
19046
28554
28148
27747
31365
4223
14174
19088
29434
10088
17929
10136
14090
26374
3082
20042
17170
975
12103
17156
26571
12844
24284
21381
27340
21732
6078
22780
4177
28632
7326
24676
29242
13042
9489
11540
18519
12632
2029
18834
1506
6373
25846
6825
28749
32217
4538
10427
4927
3791
19897
4952
13785
17648
457
25358
13629
25703
3769
11651
26705
24852
28469
16322
28864
31621
12521
17107
7490
10786
2282
3726
16670
8871
1873
7856
9453
6104
11817
24111
29856
32624
28555
15563
20164
29786
22279
17126
22789
2339
25158
6037
32241
7856
19694
11511
14335
4908
21446
1734
3536
23877
13083
20267
9140
26520
25698
11735
1648
16489
24350
5455
4927
29080
24836
31367
8470
5328
349
10931
20268
30722
5037
13146
7354
26130
7570
4268
11775
26576
25582
5653
25224
4393
21320
17682
8366
11935
18288
1604
31328
26358
30306
30915
3875
9520
621
19380
20310
24252
30613
22046
1211
2539
14389
24825
17459
22691
7401
22408
11465
2903
19370
20969
6130
28726
2619
11755
7955
25251
4037
10783
6724
24294
6590
14130
31828
32289
18446
29561
12301
28293
1141
1230
23225
15301
31015
17563
10213
31691
23226
29236
612
13227
2370
24426
24215
2261
19643
19293
31212
4750
12455
24465
13221
24481
17143
836
25307
1105
14895
30975
19906
17555
18118
31340
9774
11898
5067
18023
12118
14579
15055
21847
28888
15026
12030
10175
6910
19820
25487
25360
64
28999
12639
12482
18442
1167
16344
5026
16063
25514
29976
10094
26365
17742
12623
32415
12323
9969
22889
4742
30224
23937
29934
31130
11822
7766
25382
22545
26032
5221
27520
16045
29975
21942
11572
27609
3323
19736
12840
8948
8
27667
10513
3565
28231
14622
2778
23824
13726
3602
12105
6431
19355
6879
5344
23461
25709
125
24577
24967
2867
6182
21846
11228
3962
15043
21360
8958
27648
7332
4014
28641
2750
4467
6753
32676
2598
19563
28205
25958
26538
28869
3763
3675
13181
1651
31340
31775
12701
10001
29656
31050
3089
30489
26073
31812
31343
16214
26457
11355
674
15003
8755
15634
14058
27572
8529
5052
5412
3997
18962
27466
27468
32754
1262
27234
25920
6567
22876
24497
10183
31737
243
6273
7377
13220
13776
1422
21761
9815
16441
8725
8808
21093
1919
20783
20628
14013
10793
9565
7625
30492
24910
18020
22926
4225
13123
26971
19563
12770
14711
3842
19698
3357
32154
31829
9724
13361
12805
8545
12853
22190
18774
25175
20699
29546
12634
30431
6082
21110
13617
21422
26268
23376
19116
21083
16247
7002
20218
2926
2183
4235
30340
5819
6950
3173
29717
9710
17433
17191
6974
11622
6421
23363
505
3911
18305
4370
25996
31946
16510
17095
22192
472
26149
30882
28915
28376
7695
15718
8539
5317
27931
23308
16460
1923
107
20409
683
23155
18352
3822
1604
2885
1192
25342
32105
3853
29669
710
15836
13721
29391
12184
14064
22274
18156
28536
4842
32642
27231
14219
1965
3461
431
6860
6807
30211
24266
20737
23462
8972
13642
10734
23519
8357
25590
16584
25328
3026
30604
1004
10260
30708
19134
25809
4663
15957
26490
17467
17243
27650
3438
28338
29498
16857
460
15667
23852
31458
3146
11813
17740
19683
17774
2702
22742
22318
6664
27527
28116
29630
10240
13294
26106
7810
22609
21082
14542
26361
23126
24404
26892
8191
25669
27588
26952
16871
23801
5033
13269
13001
21236
10509
6630
26909
25764
2873
3571
7305
32229
32293
27998
30968
3784
5682
3415
2028
8082
3099
3837
17429
26120
3369
16069
2850
16362
23463
800
25047
14014
21398
7768
15968
28878
10146
18363
19685
13172
27220
24572
25182
23189
14216
17622
4521
26988
4642
2034
5849
6281
18941
3339
3282
1305
32292
21328
8467
25959
3909
28170
14802
26275
5730
28798
16974
6115
13258
20757
4449
1639
19016
1978
7764
28449
31386
27524
30712
10612
29476
5013
12786
12093
26598
16194
15447
26128
18092
2420
22905
3524
31620
27469
9728
30769
22901
21007
26428
28216
31598
19514
5049
26116
12669
4597
18964
28304
20033
27823
10766
29801
26786
16902
17375
17334
26047
17896
4557
27509
24360
6136
12284
26119
14670
20531
18056
10991
32312
16083
22993
3543
20599
25459
29974
3795
2651
24437
25414
32746
23911
26529
27154
9171
1539
30990
15175
10748
26481
21830
4187
11217
9218
2469
9285
3898
1418
1538
32658
29285
18961
1682
19126
1223
10443
21768
6816
29021
9035
9473
27537
15928
30451
4000
15917
17720
17071
29301
2771
10776
13539
13732
32554
29098
21921
15683
14844
7780
16672
2563
31048
30236
26217
19731
28306
21776
7764
29505
11646
12841
11955
27491
26781
14465
3533
11253
28807
6690
31246
15363
10538
17
14844
17226
26977
15243
6253
26010
30921
7310
28919
28030
8144
4507
24745
2591
32270
29883
28408
9318
6873
10688
17148
3937
25619
29133
14557
6120
3911
6168
27528
14208
4340
23535
1702
28287
7721
15353
29902
2417
27730
1727
15865
21947
9042
21610
10807
2430
13778
19918
31905
25278
5080
25768
23183
16836
27547
24868
13067
17088
27798
26787
14981
6835
16603
25018
20168
15244
12458
22910
22316
913
9282
19967
29965
31745
30711
530
6269
27384
22149
15956
19766
15506
3492
9067
21458
1875
4316
29071
23359
12231
7835
26954
28269
28517
15237
10619
27209
17081
30731
11937
4079
707
13375
22358
1819
11674
21990
4634
25825
8788
9423
6226
2719
21546
16740
23184
28975
14552
27007
533
13409
30275
32639
11157
29352
4958
1946
16186
21779
12366
3957
2539
21375
2509
13297
31693
2316
19404
14664
12298
11469
30556
26970
8658
708
24526
11329
12960
22797
793
3883
26047
25945
16765
11625
29964
5790
14438
12227
8957
12045
17555
22031
28130
14917
28535
16130
2155
13254
19424
25157
15211
29096
1494
28875
5339
10125
10694
3939
2082
5588
26336
8073
25492
14607
20669
2690
16184
3511
25669
17064
18638
15391
21456
28418
4368
16551
24203
29975
15929
25650
14110
21764
18372
6362
15755
3021
8054
3810
4185
28657
27550
5611
14579
15425
13980
7787
30539
15601
14240
28508
28866
21232
6324
25649
17996
16757
24061
18190
21967
31195
21053
6968
10957
22958
7325
27595
25155
3846
25514
29355
1489
5907
8605
11196
8730
2810
3551
10326
7278
11999
16332
14067
2983
30531
28344
13099
6224
30865
29487
4579
10253
29939
28033
32193
22582
31850
13694
6115
3014
21278
30591
12496
4212
4595
8870
3502
7967
13660
3174
3510
15215
3700
27973
17382
14010
19019
6880
22773
23076
893
9008
18828
31755
4618
11533
21683
1186
3425
16880
11914
9691
13502
25853
19257
19083
12726
6977
22057
201
26897
18744
10613
25494
19927
2450
22939
18372
27309
24886
10616
12304
5474
29832
31347
19602
198
8679
3320
2391
8379
9594
9512
28748
5262
10797
26574
25181
2951
27638
917
27615
22462
20317
31353
14379
9009
4667
8060
26764
31508
31170
7322
21084
9576
8637
5374
26729
29903
20761
14198
21406
3743
30629
21797
32479
22325
14614
20600
6708
30860
10574
30811
22826
14094
7646
9132
28790
2217
14537
8431
5852
8742
4235
20036
3407
28342
6489
28055
29274
9678
13227
2327
25790
29493
1016
31721
14685
25948
30656
29469
18518
5613
7120
31457
5490
16550
10178
27636
22463
15464
25283
19806
9338
2699
17817
32351
16690
28789
32228
15525
24875
20331
13987
23233
20993
11942
18939
15068
23437
11178
16436
24998
22284
17619
16389
13712
16766
12849
21521
15931
19789
16534
10673
30768
14127
25324
11508
4305
25165
28108
9700
7824
32677
12621
15115
10590
17581
25882
32054
5990
30009
6856
24697
20988
17566
10854
18035
14032
21016
19797
32211
10600
17513
23386
23323
22733
18627
24049
20133
3460
30952
28132
7139
5055
27792
3869
5610
5589
31243
32440
1330
31472
27175
10077
6807
7685
9044
12237
5028
28938
4102
22458
29713
24675
17499
5852
30858
2717
9982
12865
9907
8286
8523
15333
7784
156
6836
12418
4169
25870
17251
10153
32118
13024
29216
18962
9367
17323
6518
561
16416
15012
6161
6921
31187
14868
26731
16709
14214
3336
29608
6789
9510
6473
3006
26358
8188
11662
20696
24869
26415
32753
1533
20501
13706
28832
6380
32655
10368
25813
24907
4793
6253
19976
23297
25834
17951
12643
24545
27837
405
17270
9352
21860
11782
27692
31880
16959
18214
18173
10694
28845
19364
29542
15136
11299
12535
18838
15955
18555
17498
18283
18716
5774
7445
18844
7582
1796
1023
25912
28164
28523
29761
30031
871
9607
6492
12526
19442
25833
28270
23889
5188
12995
25265
28757
28693
13307
10052
14124
5661
10622
2606
21844
13105
1751
672
12234
30896
22272
21114
6267
27165
25464
24849
19963
11789
20885
13103
9081
26180
10780
9308
25843
21275
32527
17756
19366
17957
9158
1017
5833
10257
11073
3
7290
5586
8381
12692
26361
22782
11909
17560
12820
16244
9995
19853
23778
5698
9271
15240
9140
19398
12543
11129
13897
32019
12600
175
32321
29333
31660
26271
10708
20473
23148
8161
20164
31559
25960
18043
14736
32593
27452
24930
15595
27985
23629
29502
5484
462
27669
26222
13703
4287
23739
31308
3516
31987
10471
5554
9486
16048
32724
8893
5559
15771
18343
22480
16922
471
6655
4572
22009
113
28365
9183
26600
1788
26982
16299
20226
2680
31702
23529
218
23929
21623
15197
2997
4485
18883
31084
246
1981
14439
16347
25561
29887
1944
2521
28772
23500
18346
6208
20123
17702
7903
31512
1524
13244
30845
21597
17674
7689
10787
14337
20885
28218
860
19765
13466
19855
31605
5349
30431
16131
29068
31105
418
19759
13034
3075
30602
20332
15251
4654
6622
2616
25882
18963
3573
11995
30650
1754
5870
32330
20899
2751
6049
4939
6290
16987
28884
6106
10660
17701
4019
27083
15212
16184
16506
29362
26179
10327
6517
14080
1759
27694
4650
24686
12072
26586
6869
18335
6470
24748
18452
16640
20735
22570
26340
12532
1856
24919
3276
11054
17401
23349
30808
8541
27182
13447
21961
25871
16972
7387
15371
207
32441
18120
30183
11409
28334
8053
27514
24913
21321
8026
16358
20470
2782
6219
30535
16252
1679
9394
14569
5714
15900
7196
440
4865
5628
12535
23287
30735
27564
7065
26933
12067
15431
30341
26493
10089
6487
12266
25294
29496
24554
13421
18890
26867
26089
14120
9394
19245
4518
15091
2450
15376
4020
16610
8377
32767
6907
16399
19820
21370
2827
19097
20188
22594
7345
1004
27989
23998
10440
19523
1975
2206
15698
17772
5418
7614
19656
5323
28430
29773
26542
1698
30513
21294
13417
30352
28229
15774
6485
8535
3729
29464
19731
17378
16102
9845
16672
11142
29141
12376
6828
7048
1311
16585
11689
11231
13677
21536
11810
1340
31297
28453
3022
7752
24109
26229
11237
24108
10051
13608
30002
18519
25548
9904
25194
5499
12093
22532
3772
24025
17254
21503
28841
14527
10733
20226
14102
30031
8699
17889
31903
20609
3637
1021
17711
19564
32494
21677
31181
3265
11418
25571
22201
23704
30342
4620
32696
16751
14791
16183
11948
16239
5233
20858
12391
13042
26889
31377
9153
25411
13884
201
12008
12964
5840
3869
7928
3990
32220
20638
9676
2900
820
23320
10771
14753
21544
11506
23974
15811
7278
16982
3609
10448
31580
1426
25487
3368
22874
7870
467
27459
12696
26271
16293
23469
9212
204
26706
6734
25439
24847
15240
22255
21496
16398
8039
28410
28184
17195
14555
29825
14616
23464
24106
9858
29328
8463
6089
15978
13770
10961
9076
14039
14199
11565
11645
28578
27040
23891
13413
21277
7135
24778
19113
24729
27598
19471
10974
16428
6592
29823
20992
17329
5551
6518
5128
30991
22646
10425
24252
12735
23872
8721
7883
9096
20289
24121
31513
1677
16292
15610
23128
21642
30660
32405
26328
3419
15262
19553
1184
9406
4231
13493
28093
32089
23578
7688
26842
5375
28533
30039
19985
17967
21157
7112
19969
17117
25694
22412
12065
11381
8687
19465
30035
27934
11126
15673
10173
13884
22608
8781
10452
18488
28628
19351
21689
26499
23105
8102
22985
8920
24052
13235
32624
20162
15583
17212
20285
23135
17974
19182
21564
24931
12395
19144
25728
8031
20317
29566
10495
10308
31437
17179
22435
2595
14609
21739
21405
15414
524
26776
10237
32548
11869
25747
4223
4737
26327
22453
1192
25492
10289
15911
30994
6494
12031
3455
19205
8663
24545
19499
2630
9339
32763
14355
5428
32261
20901
16506
15120
10619
26979
22309
22685
14954
20247
23744
8937
19571
16245
11389
5226
3078
8632
2814
12364
15470
1427
31861
4106
24334
15723
17930
28476
24554
26819
7805
10672
27497
760
21004
24507
20825
18990
23959
13521
6451
4746
17666
23636
11168
22946
10459
26794
13629
11825
24380
4242
9883
16400
5107
24248
30091
11361
13281
32647
920
23053
10144
8510
19924
31346
8553
6726
18904
597
564
18883
5126
12062
6688
26217
21265
27716
18454
12176
29888
11526
15529
13451
10222
3676
25665
9782
14294
21805
15481
26319
11405
7362
6341
19463
21712
18811
6744
18264
7424
5056
24389
26776
22379
16187
11492
28367
22989
21060
6519
23366
5143
24989
30989
15072
1134
17504
4519
6573
11383
17461
23194
21693
27602
7624
19252
15922
25572
25979
31906
18329
18650
9304
8977
9851
17386
16713
8724
10030
19164
2699
16454
8689
4298
29536
15920
17977
29732
23044
21613
12357
3574
27107
23819
31992
18030
28169
11317
20456
4761
10202
23567
32691
16237
32259
4066
23698
28172
6064
29305
17712
9543
14336
29643
32188
7265
28085
2522
32060
8982
27441
30938
9509
19164
6814
26262
5929
13673
17004
15632
7505
11381
19968
8295
22603
26305
3754
31742
10245
7768
2264
27355
635
23573
8586
32589
11469
7269
16390
11730
2708
12622
14285
24375
30582
1457
3789
28161
24312
9676
29656
4876
1684
12546
31061
1394
15884
6367
26678
20910
27133
20823
16170
11266
7351
22094
12819
16918
12620
10846
15802
20449
7399
13012
9153
31692
27231
5371
25306
15893
5132
30878
32567
22386
12250
21448
12098
6904
8603
9166
16525
3898
18338
14223
18700
10933
21901
28411
30850
12140
20834
5074
7737
27087
26334
12206
14070
22241
1289
836
5932
30106
31246
743
1392
18314
330
31822
22829
17600
30627
18838
29081
18154
10779
13706
6375
12222
29348
29987
10175
20120
5943
23115
31979
18788
7968
9190
7507
3262
4764
3859
4139
1880
22693
3503
19307
13468
9997
17948
17535
14995
14538
16448
31040
7942
16017
25552
1316
22499
15782
11214
5809
15073
20722
13136
22840
4199
86
32644
9919
19883
8767
10993
5695
14871
31610
22015
14864
1008
4426
186
8865
2105
25016
12755
31084
20949
30251
3815
18473
5101
1080
18948
16450
9105
4283
2154
5768
13474
18727
9870
18212
24047
1818
32101
21968
10398
12853
3294
24135
11982
29738
12209
2297
3450
29462
15447
14340
11680
1554
14169
96
10403
6148
31438
17241
19439
11452
30495
31811
32731
15420
28942
5737
5587
22614
24823
24390
16822
20605
22357
26872
17021
18389
2695
28913
32286
29068
29141
7920
5295
26477
4526
12335
11983
20146
23859
25310
2882
16154
20730
13777
4059
8252
11019
20598
24991
28955
25647
9993
18471
11770
20075
12043
24646
18546
31943
14320
25068
26049
22611
15384
32074
22373
1644
15872
4919
490
1084
1466
19667
9728
7040
21146
22122
16336
5262
21811
16795
28816
18838
1409
21177
9813
32552
10600
15729
30249
9718
8029
5293
23646
27100
16740
29113
22306
12829
29754
5796
3923
30448
14035
4074
916
4155
17927
6479
27040
24990
10376
18958
14814
1971
14103
19507
6454
27284
29943
9030
5412
22942
19618
17961
26122
5237
1212
4163
11211
25928
325
19935
22677
12375
9490
26574
15870
7346
26494
29268
28755
14915
29277
9026
29740
18702
23601
29535
27204
1464
21153
28428
11656
8006
18726
31272
5998
14888
8
2866
24200
9334
30601
8621
17241
8057
9055
31689
32615
25197
29288
20287
10897
14981
32410
2429
2723
27696
31033
23299
296
14747
10060
4621
2944
12919
593
2162
2354
12540
20784
10444
15491
10286
19822
20185
14663
10079
10403
1825
13815
14069
1582
29145
29444
29293
15655
19720
11371
928
30357
27112
18826
25413
31713
4495
16177
696
18827
7374
22525
17146
14876
17242
22241
23800
23900
26153
10246
7952
20420
22815
5077
9169
9782
28650
10322
26114
16876
21035
19627
21990
8367
23254
13072
21439
32073
1755
7366
13201
21564
14086
9335
11816
8372
18723
717
25436
26043
19559
319
20884
22444
21771
3882
26249
14826
13114
11555
3405
17617
4397
8844
23947
10221
15509
12645
20496
31850
7993
15461
7306
15308
10976
4937
9360
3809
15473
22893
4067
2291
14937
15001
32244
9025
29229
25117
28838
3249
31120
26656
21588
8639
5720
10549
18710
8377
29164
15407
4416
28206
7152
31287
18732
32164
8229
19739
19514
12937
13194
14313
27412
19820
15560
19901
22327
14701
15308
2775
26543
19954
21686
17392
6945
22684
498
8142
31503
890
12708
20247
17496
27516
21066
30307
30974
31530
4765
32404
16172
23957
22711
16234
12664
7566
13435
14418
1125
17687
20786
19327
9516
4375
10866
12092
13756
3410
2116
2433
2559
11415
1669
27076
2655
12603
11149
5393
8073
31175
21007
22621
2928
1518
27200
21784
21397
18370
22076
31745
8327
5415
26021
10814
13989
19847
13453
7340
27691
1991
29078
11636
16493
23674
20311
4063
30813
8277
9474
32363
25683
8931
580
3870
13070
17786
14957
8730
30198
32366
10961
7794
15011
7300
16494
28988
23971
24234
207
743
31352
13285
6704
5839
7393
14218
16098
18703
5979
15793
20465
7830
8934
999
6917
23422
11276
23075
12166
5017
28960
22524
3843
10572
21956
29208
15573
11936
4013
1000
28927
23702
4267
8594
29273
5307
20963
17967
23534
8445
25695
12855
20898
9661
27338
3641
26648
31269
24692
9680
17362
23228
20893
20178
13210
10807
26863
20682
18977
13459
30284
24745
15079
10336
21194
1208
32346
14944
17916
29905
322
10064
20596
19151
25436
2054
32645
5955
2373
11196
11854
11881
1434
27820
22515
16730
7518
13021
24366
6018
27548
6460
28423
31829
26701
26862
22751
13630
22139
24293
5043
5080
23975
28593
16543
30817
21097
32153
22689
22636
29270
13547
26528
7637
5926
656
30893
29178
9495
22755
6024
18728
14476
14020
2918
16980
22266
9447
12017
12044
9988
7538
2449
22445
29669
4552
3562
20437
15
671
8614
28443
27409
24153
21108
16894
11966
6545
23632
1820
30604
13812
25862
3237
23610
11090
4337
526
14518
26356
21769
4618
12349
21809
10781
22710
6852
10556
1372
2579
24983
22336
14874
23738
3904
29871
10449
3275
5802
29399
24422
2855
5510
26550
3758
11487
5614
22799
31025
28396
4936
15805
16174
8736
18030
10568
11231
4956
32012
21942
26621
1028
73
32675
13703
1712
20137
18580
6336
5156
11569
5001
4727
27779
21453
4049
20362
6335
14576
26146
29101
8276
16506
15337
21864
18230
20958
223
31071
26631
6532
15069
27350
16014
31084
17393
23412
13925
27925
11953
17479
4593
25757
17615
14857
32151
23337
21486
22178
25389
11399
15540
23533
4527
28178
30753
29631
3380
20182
1823
12582
6944
17141
90
14062
24218
32330
12369
10090
6465
587
32686
16753
25626
17204
5074
20134
29901
10338
23989
18172
17170
27644
2797
19834
8806
7641
3340
27196
9218
19870
11055
9659
21773
8231
20948
26958
11537
21545
5356
18672
16556
31253
6194
6723
3208
25407
20922
31957
27788
3135
23245
14242
4948
1687
17140
4059
5599
9623
6483
31974
24456
29310
8248
23974
8760
11234
24308
4860
5849
21586
1514
9102
8718
5177
22757
19655
12577
29445
5039
9503
25405
11145
31967
13212
21213
8096
6898
8344
4996
12052
16285
25542
14255
30142
23906
4976
29447
13550
23394
14594
11484
27661
23410
20172
5839
25728
9840
19204
7118
13520
13016
23562
15174
32520
31122
14832
9363
28255
3342
12602
9916
14359
9875
19170
18525
9125
7636
13728
7140
24082
32453
21608
9216
7329
12716
5683
23639
21170
27003
31490
14968
32486
19549
27168
15120
21380
2703
15784
20320
15900
22385
10056
16110
4714
30941
21060
20859
23676
24759
26302
21814
7703
1221
21044
21807
31576
26817
31050
5134
6807
3757
14026
7941
15248
16743
19433
3331
18885
28029
9676
15915
28190
31810
7242
12164
25555
25890
3572
14066
5259
26930
32082
15205
16326
11531
4976
15696
12664
9433
11161
17245
19446
1711
19555
32607
26902
14110
12780
16263
22162
25605
19810
32732
29102
16810
24009
12261
9755
7690
1528
168
21530
15982
997
20185
25061
15167
27939
32075
31818
19995
5289
21418
19097
17960
32213
13676
6592
5801
177
17669
17077
13263
884
18266
20500
12753
27980
23417
9994
23103
13914
23175
14193
11155
14590
29689
30524
30473
10326
23048
11542
4272
20481
4702
20038
17857
297
16150
29654
3376
20672
29667
10996
9858
2825
27535
9368
6878
91
12712
2151
21606
3874
5238
28376
16328
3878
29487
18069
11279
528
15470
10532
23744
11562
12514
25286
546
102
15939
12703
3037
28322
1675
24
2502
6954
26466
7810
3834
126
5594
16380
19242
29782
8796
16022
20021
11492
30947
27318
10748
11097
12647
27067
26226
12202
17565
26593
31730
6548
30941
8548
18390
23262
7011
1769
12101
24286
22971
281
25676
2878
20343
6031
304
15872
7203
32500
28163
27840
5499
21096
17526
18745
27099
31780
9710
3851
18166
4446
14298
24252
22731
9581
14915
18940
13525
22574
27812
29997
1410
9126
13565
29218
2535
11497
15651
14375
15794
7226
31322
23874
15712
16499
21285
29881
15024
424
22365
14036
5463
26375
16001
21988
27637
13314
8269
9348
14664
24753
7054
28959
20895
29041
24372
15027
21650
29138
18857
8916
26353
5808
4705
16627
18682
19359
12723
15072
7375
12173
31463
18062
28967
17570
7312
30999
25667
22379
31516
1791
29476
24888
6569
22973
18683
27074
1306
7799
8929
11281
30058
12814
7112
669
6465
3674
29873
24244
16325
7351
11552
20251
21683
4544
32717
23032
25262
13914
6045
11759
4055
16885
4304
28300
18589
10766
6780
8161
3287
2808
