890
6386
27057
12206
12794
30595
9739
12214
23266
10504
5893
11635
19435
615
17336
16935
28067
27911
18112
22932
2576
8933
27129
28339
26262
28901
12166
169
13594
29542
27672
21495
8296
280
22124
21489
30674
14354
12310
10353
15898
24863
27518
21452
8083
7513
29480
27909
4994
4602
30264
19009
11466
1646
24117
12155
24009
10413
21005
21881
13181
27591
27225
23807
19435
13504
31459
578
3009
18847
5477
9375
22330
14018
10644
30349
21058
7796
26205
27089
27611
9922
16495
11249
14527
31114
16889
18154
24902
2772
1973
14885
9867
6501
3877
8104
17098
7570
14877
12682
10509
6739
11137
17321
26632
1176
24912
1439
13377
13536
12257
8433
23924
5895
621
1930
13109
3167
1230
1640
7383
13315
6790
28822
26765
3432
18179
30298
5583
10549
27426
31919
7935
23637
31729
2293
1613
10570
5817
5352
10712
21444
5692
24271
8981
21106
3387
2549
13685
4888
19003
9053
4162
17634
18569
24242
26570
7416
12924
8061
10688
18770
22778
8859
20703
1486
17469
23533
7120
1919
16855
23633
11086
12872
5108
21457
19336
19626
9696
1051
27847
9691
27081
14129
3920
25112
17349
3682
9868
24891
9751
15737
14182
29584
17070
1588
13813
20709
30190
2040
26203
1504
20147
14274
17645
19350
22419
5217
14740
32088
1380
27363
6770
8400
28414
16205
16841
13390
12866
11663
15129
14172
10844
22198
19337
8600
23364
11876
22920
15299
13963
15485
30644
3861
7508
10020
5883
24275
17313
6374
9216
24612
22736
22324
5056
9249
6501
7447
9077
26667
11785
3615
20411
16513
31699
21917
18161
20753
18887
17937
23266
2191
24476
3302
13732
4549
451
20061
21953
28458
28324
15816
5525
29877
16683
1528
16887
5107
23683
5624
1052
11864
17697
9724
8887
25043
2821
2196
24165
932
10556
7205
27977
15730
32426
28826
23027
152
17414
30039
18823
17345
8998
17262
27931
16052
21373
22550
8800
6257
24546
21337
1925
15228
31122
3852
1624
17529
31865
8708
6831
16121
2221
9095
22534
9364
21820
17153
29289
21048
8231
2040
20117
26560
24494
20034
23898
17864
6350
21110
17987
7616
32521
25248
9593
18496
16741
1849
24805
21915
10423
14422
22677
3255
27425
29471
30305
19484
22746
17283
24782
330
17965
5674
21810
10832
22213
26283
27929
5530
3623
7680
21224
21515
18816
13623
10688
4428
1697
28777
11429
18019
7240
17904
18656
31367
18337
17877
14241
1586
13068
5512
23273
3193
23073
21460
24999
7833
28401
30993
30498
15826
9359
1948
406
12152
720
8324
13346
22343
10062
20614
30689
3063
6067
10556
28760
6672
2356
31377
7952
26880
16731
16504
27267
30314
29706
6366
3133
7106
17085
21980
10811
21015
16655
50
8087
26671
8832
24049
14439
24281
30069
20855
25826
24447
3968
9376
10180
251
3810
5179
17396
20139
5454
12219
28004
17864
8176
24879
313
15603
8366
12661
2349
27153
15534
7338
3633
31321
21528
2788
32342
28843
14109
16676
10733
15908
11320
24198
7149
18671
11187
14779
20886
21854
29806
12985
5460
1337
24028
19633
230
24918
2894
9282
27327
8553
25716
5612
17069
9758
30496
10439
8632
22885
9806
4469
4429
26893
19042
24917
19868
3989
9904
13817
1854
24383
22593
31963
26651
17253
8660
8011
24459
11280
14628
10924
31163
6087
31081
18656
18003
28581
7969
7425
4693
27055
28944
22610
31048
25956
31366
7029
4503
30357
15072
30686
14388
4726
28241
9607
16256
4854
21475
16613
1391
1100
5304
9500
13543
28882
12438
13935
13930
7959
5027
12538
5109
30255
14700
20387
21544
31822
300
24398
4262
9110
5964
4688
19391
22828
6182
10278
18765
2705
20494
15720
28379
5424
15507
22520
28429
21555
13058
895
17468
16539
20524
4634
15968
22416
5481
21840
10291
15093
22237
25416
18323
16448
24314
15416
15656
24969
27462
25633
1864
17632
26207
17594
11287
19940
828
27561
20211
28050
7605
30969
13583
9306
1094
20937
32093
27256
3856
27457
4018
29313
10272
16843
1829
31292
10484
20607
7096
7604
12603
7390
20282
24715
23261
10948
24939
24977
28475
27800
20322
27797
440
966
25132
24188
4984
25967
4278
3984
9320
14175
14572
14362
21886
31039
29731
818
66
19979
2740
17366
26509
31175
19178
58
26000
26478
18207
18271
15129
19244
16161
1255
25618
13516
14555
18216
5450
9844
3121
11135
18297
912
26155
25830
29566
27660
1878
4297
25578
22470
16743
19990
16322
1603
30754
19092
12929
5793
10618
14965
21853
23500
16634
28206
15819
16629
14947
31366
21829
21056
22423
9965
24139
15805
28085
5648
19112
24730
3462
23722
18166
13463
2840
31389
8036
12729
10408
27201
25015
30787
26821
14844
24719
22242
19379
25619
31724
296
31758
22719
21232
2619
11951
28292
17127
30671
14804
11454
22404
337
10106
9341
4205
20325
18190
19346
8187
20371
581
3562
1850
28733
31049
2331
13112
22741
10773
9789
32636
29261
10018
1531
16852
21454
8515
29417
17236
26540
18637
19993
19099
23706
18940
10729
7000
14106
26770
1822
3853
5944
32449
26679
11027
1656
25419
12027
22495
25101
31464
30805
7555
13643
30952
27233
2423
6239
4889
10439
8602
26430
11499
25416
2164
25819
15826
12950
14014
7837
30444
14185
28196
9232
27620
12239
18761
26331
17174
30403
3340
22258
12532
8706
7946
3852
17064
12826
17763
9560
15355
2244
5058
29803
3189
6515
10647
28797
8133
2093
9639
23766
3428
10906
29383
30083
27510
8027
20964
24909
18673
28572
17735
32748
4864
28397
16663
26743
27050
19789
17696
11295
10159
3976
17362
12573
8626
25028
31373
14825
24733
30806
7964
27821
23362
29402
1663
28409
29502
30082
10477
27064
14627
27822
10009
2403
15318
11965
13493
20084
26421
28707
3124
16926
13821
15804
20437
25403
15083
29025
31709
24454
17698
21688
20003
27914
9165
26192
18130
22490
19717
29933
9835
6147
27637
1312
3337
959
6716
13595
7913
29163
18578
4804
21033
24763
6831
6152
18896
29869
14953
16754
25103
25531
26140
29436
20935
8405
15950
7973
1354
23438
5779
25667
5734
10262
19887
5147
1440
25448
28923
22959
6333
10180
12042
29015
647
25952
23947
10003
14285
29531
5745
3872
5548
11506
12370
11465
15629
28406
5645
31616
18287
2429
16816
3629
14567
31193
24217
14534
21348
198
22235
30752
12088
26855
20451
3077
15572
4468
23131
30598
5075
4397
22862
23442
13115
1426
25741
24520
5887
25173
10834
7562
18120
21776
5156
16723
16884
4404
13050
22090
27871
6209
13987
28695
25442
21053
29797
9973
21658
2655
16613
6664
19435
9227
8518
27634
2884
7171
6037
28065
23204
10715
3685
27498
28893
5549
10166
20572
22936
5647
29468
5070
31897
19010
20253
9531
10820
9388
31194
19024
20832
22920
5362
9026
16924
9693
8355
18789
8783
684
12850
15355
30468
6254
27021
3913
26422
1726
27184
4593
7128
21586
23365
23675
24857
6959
13071
32565
27877
17693
20872
16957
28335
27737
11849
11228
19566
13451
7595
16661
12517
12279
28972
13438
20264
9463
30484
30543
32604
18345
7512
24761
6334
15333
15294
24441
11495
29554
18754
27052
2126
15481
184
7909
7182
5177
14516
20605
13545
4605
29351
25642
9101
32331
25930
17619
14871
27231
1600
21923
17110
23512
22263
7005
21585
24752
30927
4079
9867
8049
19582
21577
19845
14246
8371
13423
32005
1680
13305
12749
14742
9243
3550
1996
6864
11280
29525
24226
729
10124
31322
8302
28460
10929
212
9348
18073
31387
2751
9477
18573
20374
19338
12980
404
1934
24254
6916
26908
23751
29665
29814
3196
29902
29082
17697
27445
23471
21526
30610
26743
16232
19113
4567
30183
32670
22713
25303
23455
25999
32216
6629
16758
6216
10544
31892
23938
8471
31780
11980
27612
5188
8244
16669
21411
12796
13345
31060
7492
5006
5202
2380
7672
14554
631
10247
31886
2565
28780
16637
29546
8562
29280
11700
29646
29166
7222
11665
3672
7467
20011
4078
17612
3696
13498
17517
10516
11662
32701
17803
28037
15894
5332
4472
19044
16073
16650
9510
23721
23888
11702
11679
25090
21038
7328
25501
30235
14578
12133
17748
13597
14513
15901
8851
26485
4275
314
12043
6870
23917
4787
3822
19585
10671
2659
4541
2244
8223
14764
3931
9152
28902
19039
7013
28528
16297
17632
710
4839
11707
16773
18309
26329
21649
18752
3810
31581
17526
10622
13730
10993
23423
16206
32423
24255
2242
32198
4035
26655
20419
13218
12494
4956
8239
21551
246
22459
21965
18280
5719
18617
29873
1374
15308
11413
30131
221
16644
23566
14111
9548
4312
20334
26030
27605
475
31943
29109
19398
5427
27517
25757
2615
6056
8452
10899
11502
22779
19179
9344
5247
28025
18970
5692
439
11727
856
17663
2619
26912
6416
23064
16493
32085
29268
24033
4751
18869
13090
24306
9515
12213
2534
6549
11442
5649
30273
13178
2659
8731
27913
24492
12398
6995
32145
32452
4442
11577
23594
3933
7844
31583
30185
711
6825
15298
29099
18944
16837
19290
16983
11999
3773
28912
11875
19859
7770
16944
28826
16972
30295
24319
22044
24376
13182
30479
32166
32433
25357
19888
7187
17845
2910
12265
27171
27286
10183
4295
8060
21490
7104
16373
7918
9190
24899
28301
14331
895
30329
30254
8599
17009
20114
5711
4652
7948
18932
7122
6369
19051
31129
9948
7196
31983
12722
741
8517
12012
12177
17675
16846
18849
22213
9388
29040
25710
18823
16947
31159
25153
24661
20530
20160
850
17628
21170
8514
16144
13339
26823
20939
31322
11206
21607
10572
28147
1768
13435
31448
20784
19917
9527
4777
7412
15647
15015
5732
31454
18511
2443
15005
13505
6966
12901
29086
14421
24317
8912
30564
812
17978
275
24299
2791
9307
30198
1196
30121
5192
18645
2659
14028
29252
498
16405
25555
11540
1807
7762
21920
12900
26173
13752
27112
31334
17135
14264
30947
30396
6482
31901
21320
26776
19425
10953
23672
25122
12084
25410
5369
30490
2072
5998
10535
24766
12261
27675
22566
6382
21260
19906
18203
12430
32240
6669
5276
25900
27639
662
16485
14818
19680
3314
15180
6014
29783
21486
13175
14305
10182
28184
28876
24741
32367
7554
21929
12547
1976
11458
22485
1779
11205
7485
1463
16276
31308
2726
27590
22223
23461
26561
28225
10807
22561
30829
27424
25396
27037
11489
14410
19553
2903
16950
21000
5682
31744
19494
19898
20186
26130
3091
25801
4460
25187
14666
11228
12352
2299
7818
19023
24216
1058
12480
17889
7555
22974
789
13996
28674
24284
15402
30555
6762
2445
28834
9623
28937
5363
1762
1730
31244
11163
2068
9448
26272
3085
626
14322
10072
23458
24769
12061
8143
7062
23323
28331
15758
29790
25842
5593
30256
19260
15442
24848
28868
22032
32358
31839
24178
8561
25918
23081
18018
15612
4815
25115
18649
492
3388
3169
7589
10220
20564
15642
20924
7209
6235
29705
2080
20138
18957
9357
16901
27108
7136
18899
29238
10377
25738
2890
24501
15778
12995
1367
7073
733
4684
2635
3677
24872
8752
28562
24559
10110
24650
15148
16294
17409
19975
17762
20224
4938
21101
8881
13258
14845
32092
27147
5513
15520
4116
11071
2585
18861
28408
10677
13716
27109
24722
12126
8566
2792
15830
3051
3838
6147
30635
5181
18647
5449
5543
13853
14327
28901
4634
29742
16328
32430
14159
24095
9605
20988
25102
22821
1767
27066
19813
19625
9218
25277
19369
1854
105
9300
4279
28629
8089
15137
29055
22324
24725
22055
15556
32164
15565
6691
4381
8426
28228
16160
21568
9849
16626
11334
12159
13798
4968
1523
13715
22428
19122
25101
5529
27601
15745
5782
32602
3513
23178
22144
7375
14073
3625
4291
17637
14174
11082
17838
19325
21711
23433
18042
4791
10112
23192
4901
16752
1641
225
19070
17161
6135
24941
24700
29802
23297
32517
3795
8775
15357
23703
13257
15522
2676
27867
4934
25490
25267
9525
11819
12610
24516
14302
9189
25916
10652
14655
21058
21736
13206
13469
10115
17743
16160
29691
23218
4645
30388
32572
32310
17927
13579
5769
8356
2049
19597
11250
28632
595
25355
8280
4677
9845
13744
18314
10889
29272
22837
30638
14660
6895
19029
10211
20779
16366
25217
25124
20824
3282
1236
3183
6628
27425
5961
19751
28344
10739
7212
3768
31904
16049
32718
26233
13474
797
28285
25302
29069
5266
18099
1198
7124
14477
31630
26618
16285
27245
31616
24496
18710
30327
28488
2279
23304
17949
25889
6459
29614
16768
15417
27763
21447
27187
25700
5473
23530
4930
17938
30218
21530
23155
26239
8967
20890
18123
7209
5675
12034
12372
26503
29798
19091
21790
17400
27369
32456
16260
1274
26507
2349
25008
5020
12396
21364
2658
8246
7896
21190
5868
7255
366
29015
1666
4351
27009
13885
21168
9486
26558
8066
12588
26621
31759
25208
8910
13516
15552
1612
29661
16699
30945
3294
4492
11581
23019
7632
22724
9898
18598
26590
16932
30004
6473
11373
3911
668
17123
10598
23877
13094
9723
21828
16508
8778
9843
8556
19856
6060
7347
14013
13232
18510
25091
24681
19483
14340
31799
6403
17123
20265
11410
28121
15601
30865
26085
11395
8010
23486
28151
3772
23441
1879
11817
22641
26060
8149
30554
7192
14187
26240
15625
6467
902
11418
3001
26997
102
1754
16026
28468
27207
21788
14437
15199
9052
29270
9096
23746
5396
8398
32131
19944
13980
1674
29074
30000
23717
19976
18060
27427
13927
16176
25611
31493
7141
25735
13005
4522
4467
4261
23642
3724
9334
22505
11751
11034
1388
21099
8827
27730
812
14898
22608
21137
19310
14760
30076
15274
5261
32330
16336
11062
5260
25508
27649
27948
26968
19069
26629
18098
22092
28751
9408
10546
31482
23290
8928
7087
26409
11448
18182
20058
12314
29780
14630
3168
27408
19863
21296
7
12558
26116
25328
31993
4067
14789
17203
17631
3172
7396
4139
31282
6649
25790
31508
13646
11099
17845
280
28617
16539
14630
2416
14850
5735
32667
11981
28413
23177
4929
14326
23150
2480
7836
946
1299
23155
19321
27624
6983
22931
32292
25605
8661
7040
20700
22174
27914
10015
25476
1623
3598
32203
21403
30211
10868
25754
28782
7180
29199
21217
32652
25877
9991
10746
9595
18911
27693
6724
18089
31849
19852
22892
29861
28764
14144
3563
15247
17061
20108
5072
25550
17508
24870
32448
31744
11525
24277
32059
16183
14252
4414
288
11106
12247
1531
20852
23561
12607
24302
26975
32062
7935
31957
18551
27344
5623
14366
6210
20417
24179
7164
19189
23034
8456
22458
6018
22078
25279
23120
30418
18525
3190
19508
1615
21418
386
23410
29606
1966
2457
3583
21963
25886
4592
3658
5949
12043
2464
9749
21899
23641
23886
23427
23063
15730
22027
25714
4122
10811
24441
25610
7144
19528
31023
9878
30582
22860
22367
20371
14361
20947
30390
11783
24976
6195
10116
11029
27205
29631
21533
1741
21712
21567
1663
22345
701
27037
28981
32245
9359
25569
32635
1838
27396
28511
12450
10255
23963
16687
17078
20103
31316
18398
28767
30639
695
21603
17925
16475
6679
20309
21047
25584
6424
20059
13646
7541
14959
7651
21581
7916
1257
4887
13068
4834
5807
14860
14742
23621
13768
13373
26831
2166
18911
23353
16986
10143
9031
31640
26553
32583
13116
15411
13494
19235
6508
1429
22786
47
10934
32172
13597
17918
21809
27588
32373
6734
1392
6327
28370
21216
28932
32605
753
29063
27203
24906
3183
32382
8520
5049
6890
23806
30267
6339
98
19984
16595
22741
29925
5537
12568
4192
7531
30164
11630
17874
31231
29852
20943
23494
32543
8073
29784
4983
24166
16866
21255
4987
17000
16629
20163
18094
478
4779
22428
10092
3587
607
28245
19203
8253
14320
24351
16743
27392
13589
6568
7464
20975
15601
19028
14242
27973
23016
6346
1396
23668
30128
12211
3891
11276
14251
29118
25183
21213
7540
32744
3733
2656
440
29946
775
1619
1351
31315
24618
20388
3690
6631
4526
18064
21112
29064
17587
4108
7588
11109
3642
29284
19737
24528
21977
25890
12105
17476
22708
22577
16001
19366
22696
30274
27073
7115
19401
26223
24524
31803
8207
20766
4219
8756
26444
11305
22614
32242
32609
4668
2661
27950
2738
10622
19524
30437
19671
23923
30838
29786
16277
28705
31483
19294
29708
9841
23589
7631
5169
5081
28071
4703
6271
18744
19951
6806
1514
27393
13750
23067
18453
29340
17365
4911
31684
7945
15194
15482
15764
22727
26587
9226
20714
3316
7178
17305
13097
17333
32394
10766
28456
30168
6401
7751
17635
26040
23919
24342
31088
32609
5566
9353
25397
1013
29082
18031
1625
1103
9858
11287
21880
28389
22047
26971
27291
13555
11989
11485
19559
19158
31385
25489
5012
1973
4098
13692
1185
10343
22946
16315
29126
31121
26518
12230
31019
27919
16220
9206
29527
7830
24037
30021
9707
2967
8171
20054
3728
614
1157
13237
23086
3227
32249
24927
23647
22713
17617
8581
6947
26381
24881
141
17109
32217
24167
602
5725
10418
23748
15565
12200
18215
30122
31627
9301
28323
9703
20737
25265
9109
12865
14502
23270
11725
14930
11904
18543
3113
28055
24554
12239
19314
5827
22932
25731
17537
29017
22219
11061
1446
32121
5627
19506
27466
17914
22130
10782
11218
19642
25446
12519
23239
4402
20538
12535
10036
25934
18941
31406
22864
1147
8756
19983
21341
8449
30425
29369
6608
23443
7075
3097
9906
22820
10376
32223
3142
27389
20865
29870
10988
32013
27533
26392
32325
16000
17144
8905
17816
14483
9949
14850
2933
18342
19946
25930
20632
10898
30819
11616
24079
7230
29545
29043
672
11117
24957
7573
16229
17626
27712
9582
10169
9095
17276
5933
30808
6994
3432
23236
10689
29129
11304
29013
479
14655
31892
18663
26857
25120
29242
30814
1415
30337
13478
30634
25654
13307
8673
10302
11757
30650
23095
16836
12801
12497
14653
30479
18246
19664
24595
26449
18551
21145
13543
12174
12247
8047
31674
12368
5657
31312
27751
23453
6269
29061
27105
7974
27197
13943
16060
16065
5415
27588
751
13081
11659
6546
3800
24740
32087
15396
8064
15062
27265
8363
4129
10133
7333
1118
19685
14060
9712
10700
25329
771
13116
22641
20898
19535
1916
31368
278
9734
18011
19745
495
18134
21024
22131
31315
20950
16597
5747
25655
11197
11432
9638
222
12370
25489
13875
9628
23587
14901
11068
17888
15994
1547
14958
24178
18317
701
19415
9720
18165
9937
3064
9919
11873
11144
25628
9656
27788
19462
19688
31425
29804
32692
12082
15910
17581
13283
18199
28520
861
18610
15687
31037
489
21809
27300
14039
15688
30406
31244
24169
11894
12240
23666
29928
32548
6539
17204
12047
30382
27956
5288
25509
13133
10349
3832
29442
910
20706
3377
18384
29698
6957
8854
21775
25911
30967
58
13659
15848
21088
22734
20338
3441
28321
14007
9201
12933
20464
30820
10334
23075
1701
26334
21355
27334
16282
6816
15993
12253
4567
8874
92
22906
20335
8657
9566
9294
23973
22105
26758
15829
22611
16325
4634
14542
1165
22254
8034
9710
22145
3155
6063
9429
3745
176
12956
321
12805
11218
13204
12418
25098
26025
7828
17198
22336
1439
10802
7957
899
3112
4831
5495
8039
2714
13161
10613
9946
15680
1732
6854
2308
2985
30473
2219
3954
25414
7615
16677
16500
8245
22874
4197
16579
30807
23553
9348
30823
7336
6036
22900
32472
1232
10990
311
4708
6389
13415
31822
7888
11732
11677
13941
5954
1808
13429
23437
10079
21449
25948
22746
32688
22897
10963
32366
16714
16603
9770
21733
19630
14741
5515
31571
30702
26488
23355
8571
28689
20093
2589
29250
18873
12499
7032
611
1283
4910
12793
5987
2223
23393
3580
23240
22657
15663
5895
19846
2790
26974
7831
4026
16859
13070
16416
20634
11019
8009
591
31404
19255
4827
7570
28727
6363
4708
3034
27640
10767
18603
17824
23061
31147
18229
20518
15703
1966
13591
255
29843
22753
24584
6865
29801
6583
25530
10074
18737
26744
23403
12977
30003
2718
20919
19406
32534
4480
25264
28237
17564
12845
17456
14703
25996
21659
10350
6242
23279
7681
11984
16322
3710
31361
22272
9311
1628
27146
10818
20289
30977
5245
3845
13033
23926
26894
31415
26074
19400
19694
30174
26200
16823
7463
9829
19312
8110
1991
21555
1848
29176
64
7171
7768
23088
21263
17519
30921
11513
7324
26957
12253
6128
10081
28991
32128
25567
30031
390
12477
10036
30829
25623
19332
31921
16067
5105
11690
4708
5494
25517
28977
9434
26420
29271
23498
14992
22994
25212
2456
13226
28468
1924
13623
487
11630
32066
16637
7381
4648
24010
25983
1601
21831
2435
10583
29426
16074
13693
1573
27543
5105
13316
24276
31229
24485
11125
11039
13957
6676
12112
31827
18902
29596
28559
16214
14031
18154
29238
24552
191
30307
2860
12585
473
14530
1609
16219
1506
6403
14256
28394
32045
11649
26207
3241
23497
19035
17668
13151
30969
13083
27922
10882
740
3994
4117
8770
23182
10270
21315
28874
27655
11462
2387
13506
22243
3112
16018
280
31465
7480
19251
30208
15632
8300
24550
27449
6311
23581
16557
3986
20691
22577
8683
8622
22078
31991
23486
9732
13582
6482
26511
15913
7956
5146
23528
1362
26182
19647
23173
5653
31600
28463
9389
7535
17702
16122
18883
7947
25341
7604
9240
20161
12539
20636
6147
9054
8011
18810
18740
1699
12853
30414
14917
18064
15950
24358
2706
11234
13548
3024
17995
23002
5341
1713
31943
23360
21337
28533
4379
168
20788
27625
30956
29684
12376
30628
23937
9498
7539
22253
21276
29735
25069
12505
6795
15492
21021
5300
8442
9592
27580
28322
12811
23535
14490
12166
4137
6522
18831
11299
26393
7318
23989
30594
19665
30257
2516
15507
17550
20586
29726
23318
30753
4761
30749
19388
7049
1679
18153
3978
11975
25375
22430
11903
4590
24541
15373
2422
8058
13861
11698
846
16610
13151
26343
17735
12657
16514
7254
8879
25425
727
10932
24511
15081
31232
19629
24512
5225
16184
27930
32369
18338
18908
27002
6317
7708
23851
22688
2121
28514
842
10665
5948
22433
14730
12081
11778
15473
12782
27335
16706
5107
19944
11421
17070
8732
13924
23428
6442
8272
13575
31000
25649
819
12985
13880
3701
21180
32609
11194
29638
18571
18159
2908
7733
10364
22432
23805
24185
1916
7549
7181
17298
29851
30502
18754
13740
14435
18381
17548
14405
7784
27269
844
6034
32033
27325
30401
1311
28662
9735
14018
26551
30618
15135
17587
25219
29851
27176
31410
22389
12344
19000
31505
26856
26482
30743
13321
16000
3174
8772
19372
4440
12761
5689
2076
17244
21781
13040
2043
1523
31220
25766
24354
21474
19770
3551
27542
17005
16679
426
30391
28094
22605
29478
30395
1163
4768
32325
1115
