32612
15267
7597
8557
3586
16502
24943
12979
19146
9617
6157
13396
20409
2696
23061
14003
7546
6128
28188
25889
29925
718
3680
17653
27079
25680
12716
27359
4833
14779
23420
6777
31539
8357
14178
1055
14458
9060
936
5377
19191
10694
3895
3446
10866
25091
20151
20884
9343
13807
19704
10237
28672
8308
31377
23291
6635
30528
8391
28624
12109
31931
31664
26695
18575
20028
16280
17039
23032
636
3491
11081
28020
3147
7092
5600
10644
13697
5006
12057
18901
17976
27961
24043
27685
11320
18600
18064
22435
14003
2712
988
8359
14899
16571
2766
19970
12496
4374
27749
25479
10918
14503
27060
30154
8838
23884
3641
11047
2796
14048
17515
19974
10033
21415
6290
21598
1282
31724
7643
120
10769
30952
10668
32502
18954
17126
22837
9747
6345
23205
5448
14892
3274
20990
2154
23424
9697
18374
15146
308
3115
23286
19121
9626
6980
22793
28059
1970
11706
11174
15109
9713
15554
18815
26599
22082
10282
11897
28325
8011
14991
7949
21728
14065
15824
15086
914
18974
13250
8940
25946
29121
1830
13848
16148
30999
18648
10793
30381
22826
19785
798
15413
3479
15918
11813
18742
9875
29818
17340
10821
15408
11914
13590
18134
9949
30368
26816
6997
8492
19859
2692
22898
14041
28101
4750
25276
9479
14932
18381
20849
4044
11925
16796
916
12528
25022
11426
23617
25586
29410
22262
12094
13132
28963
18311
2770
19192
5155
25788
21466
29747
22715
28247
26649
32385
22000
20127
15056
14833
24098
1726
8078
26274
16519
14952
14154
15750
16088
7869
13231
30310
2890
20593
25783
28455
25280
21802
17531
22603
5951
19497
30026
2747
7842
4653
26104
27331
31119
23700
4216
31838
1705
4036
1709
3252
5639
21705
16766
5345
20710
12863
26153
14840
18842
11379
30169
3655
18379
12485
7034
30685
9437
20561
3020
24650
19632
3534
11190
4518
13962
17077
28894
25813
27217
24486
12406
9480
26110
3081
20569
19591
30542
26865
3670
32431
23994
31557
20939
25398
18602
289
15222
18103
1510
13946
26505
9322
29773
19713
5628
32050
3785
6986
11559
8158
9090
18222
19088
18088
2898
28526
22018
11778
30074
6296
19167
2195
7059
24879
11190
29820
29127
16646
21528
21983
10048
22509
7336
15010
2785
3983
1394
11120
10292
5275
23166
3585
12452
27426
1700
31900
1261
8769
2209
14042
29392
27391
15979
4012
31499
5752
31426
31903
13192
16188
6408
10847
6613
8690
850
14970
27092
26945
24255
3687
19636
28912
21001
17351
29727
17483
6745
17898
30133
23497
25184
6293
31418
24045
4003
16387
6155
26474
31254
27177
25175
7818
16877
15679
4747
5584
14255
28539
20110
16861
2700
3104
27183
1680
12528
2487
13404
8049
16216
5532
9364
26448
8549
14525
31902
17193
26926
14751
12924
13387
10459
24482
13979
21945
2672
31621
27212
18641
6630
22828
23160
21803
30080
32417
4750
16324
22620
23642
7105
7516
13129
21178
31857
9244
18392
12505
19430
16508
31158
4232
11844
29028
19000
13200
19643
12177
12856
17979
7679
25659
20000
11030
4856
13045
4164
13300
31674
6868
28021
27702
14519
13011
14290
22602
3123
1398
7138
20082
8185
20398
29664
19655
4941
9981
25942
28797
9505
19162
31982
29288
20108
9559
15492
19647
24951
16129
20351
28193
32666
10760
22882
7637
32167
10400
4766
30038
1732
4774
10155
4879
5183
16007
3670
27235
3453
29022
17757
21744
9268
6748
12857
18709
16602
23917
4411
22961
4958
12568
11226
25390
7189
5031
18764
2495
16631
7049
3411
27877
17163
26356
14682
13368
10272
11983
960
22884
27838
206
31092
21362
4700
25823
7618
1865
24019
29125
15468
8564
23059
5378
8701
15653
29461
4603
11866
31866
15633
31831
30106
30208
15344
12712
25367
7030
16132
5709
4805
32211
9463
6551
21699
4746
7169
17706
3888
24076
12894
23462
29248
10126
19200
19079
12943
6669
19073
29514
15797
30352
4187
4050
7450
15278
4187
13833
31500
26191
8275
16074
32270
12215
19984
5119
28275
27840
20875
10758
23084
29286
28515
10330
10975
9097
24459
1391
25145
3055
3136
6621
28804
11401
15679
28353
22908
23799
820
19296
7006
26189
30581
17934
3139
15128
9200
23631
8620
28828
10083
22075
22110
23904
27083
31015
8816
237
29982
19841
14754
6354
17980
31740
1008
1771
10787
1517
1127
27875
31587
23797
8760
8440
21459
7649
2059
24574
1665
29390
3477
24743
30191
24721
24429
11265
6780
854
22811
24384
19744
32390
17778
15038
10844
9199
31009
8768
8561
5663
31620
29307
977
27152
12736
20439
10451
3083
16398
21106
31146
27590
5463
13160
31128
13264
21762
24402
7775
4142
4874
4620
3321
18503
5715
24508
3720
12285
5438
20239
20880
13341
8315
26822
19300
1529
12318
24690
19934
10835
1781
14971
9555
28541
24601
4967
21190
3775
6852
27737
13916
31993
22626
8408
15888
11913
16619
27090
27816
21103
24943
4577
19688
18607
22771
16076
9477
22519
18299
29777
32349
26242
13160
13346
21860
14908
22788
24365
1506
1063
6236
15392
18268
15101
30030
18221
19919
2327
24034
12043
25253
20877
10974
9021
2529
4255
3732
22422
1949
6996
26111
24829
22966
608
8206
20334
31174
7243
12096
10561
31570
31440
14705
11183
23109
20356
31220
29842
3485
952
2529
31084
12901
1951
688
28587
25315
7348
12039
2603
3602
8022
15825
12285
25427
5045
11152
4199
9823
31218
22004
14379
32640
11650
28076
3084
7169
21460
14972
19599
13026
7731
26000
1791
16849
25325
15888
6067
5718
20917
11252
8596
30542
18246
17690
7897
666
1097
14485
28437
4888
19321
1097
1652
17106
11013
10421
8769
23926
30005
20239
9900
22279
11345
5526
2507
6865
26047
30244
28638
18082
26731
31490
23767
9783
2668
13825
7962
757
4580
11718
22401
7130
7463
13670
17059
22962
22048
25139
10070
5006
29937
5077
3698
30578
21978
17052
10200
27470
9820
2068
179
31279
28062
5594
28414
8631
29711
3759
22087
5067
20045
30155
10674
16523
3910
10355
20288
15495
26013
5582
18513
22319
10319
10485
17256
30092
5782
6473
31535
1326
20237
5385
1723
7014
16917
31268
32528
5301
9080
4427
7656
18563
8013
32587
14768
9492
22044
24730
17108
18361
25666
17199
9788
25923
30870
29335
14615
5821
15948
19014
4567
24155
7706
555
29308
30893
6810
10631
10262
19992
19440
17406
901
6279
16044
15599
20356
4446
14834
9473
26598
15280
12504
28158
22046
7857
25359
6373
5893
1134
28870
2618
28120
4283
26059
30881
26752
17517
32755
10667
30999
16586
13501
28912
18599
24382
14898
9566
10037
29008
5903
208
15614
15571
32294
7650
24832
2145
30978
2052
14524
19461
9674
4558
1339
23096
3175
26004
16719
5391
20201
1081
29979
946
14631
9800
25301
23568
29606
13120
28875
21713
23997
17200
29860
21388
21238
24196
17385
19259
24502
28703
11716
24300
10529
7594
16903
7353
3128
31275
2415
25849
14404
18137
4907
20920
18552
13871
31640
12901
8402
25919
20559
28619
4674
32585
30049
27715
2574
16268
28641
13351
20597
17756
14755
4745
6803
28277
580
24101
29572
11151
362
4757
16588
818
15949
2500
26102
14028
28791
27045
19324
15873
24008
6693
19687
3138
22972
22366
21047
21665
18929
13325
6277
16355
21475
8262
28135
18647
6138
18534
25748
13031
7624
24650
16713
20205
21899
11966
10475
584
21242
27960
20845
17454
9534
20423
14836
1347
28734
18758
11833
13675
11039
24533
6447
23517
10251
9610
27367
30074
18738
10595
5552
3420
1807
29823
26242
17329
11245
26510
15517
14026
26793
3207
25709
623
9913
12441
6577
18806
15213
23139
29916
32148
24693
28775
18363
22898
5540
9148
11609
16643
20468
29444
20768
31766
6601
22942
12608
32551
2170
32541
24661
13947
11021
31480
2628
1900
22082
130
16485
31745
29140
1821
20712
19649
11003
17067
11633
15561
12341
70
9478
31773
23110
15153
29995
1084
26237
32270
30283
8951
9786
25681
26458
10114
18349
20468
7353
26060
7136
10093
5722
1036
32248
12253
16676
18076
16312
22410
26521
19979
16198
1167
5558
31598
2610
15314
29722
28406
12724
13367
24171
21704
13365
10771
14582
29704
8209
1764
18837
13367
21404
12607
6102
3264
32355
6409
6233
4813
18356
21482
10106
6495
15968
24063
5936
6046
30143
21199
21557
18798
29685
12929
26216
15938
21876
1868
20591
18997
18882
32558
4768
3415
19837
19937
21794
1348
17820
27403
32079
23804
24567
181
12893
28398
23818
7678
5438
11606
9973
528
12228
25801
22984
4948
24329
3342
8446
22242
15630
7216
3655
31804
19874
4049
19851
20795
29318
8385
23083
12873
27342
21712
6538
19153
24970
25312
32460
14836
20390
7486
7133
28542
13583
22066
17333
21784
27927
29396
8667
6079
8731
8226
27432
9588
9315
24144
3022
13109
10313
22111
30361
24365
12190
11761
31092
17192
8777
19804
15150
2889
23089
19453
18046
25855
9822
30415
17989
23093
2395
9531
22292
27849
14046
20530
4590
1600
5290
8058
13391
4024
17077
24901
2412
17949
28294
8200
30909
7840
30178
19082
23993
20325
7335
8764
3297
20604
23032
25544
10751
26899
154
24044
13232
7402
18078
27273
26656
3591
28737
32247
26389
9898
8720
16540
13615
8067
7760
26301
1134
13859
29084
14995
26100
10161
21200
3234
18700
17374
14886
32326
27500
11290
29599
23183
7863
4873
12453
29006
1862
4144
23790
10352
14376
23541
15011
14219
20583
1990
2498
16823
32141
1688
16065
16799
1895
6547
3188
31704
18697
29963
17712
27505
15122
12723
22321
23755
29490
24077
26681
10922
15593
17445
21626
20877
12177
14207
5302
19771
26014
32590
20389
29855
14629
12518
6807
18389
10651
3700
11610
25733
20192
15853
3422
5232
32123
27716
29719
10824
40
12512
29859
8389
2704
17741
9389
12277
18775
25906
19601
19668
13147
27267
25280
18204
59
31223
22119
31070
26647
21437
27979
16210
4247
7275
14583
9836
19247
12855
26394
3247
2209
25193
28971
8646
9667
4880
28494
32337
30082
13556
4731
17789
11303
4557
2525
1239
4057
19122
22392
18018
4707
6868
22543
2278
14392
12908
581
4748
28852
15858
8450
20904
17317
28048
3352
16342
30730
4310
10791
31560
6171
6831
10942
2654
30345
8596
24514
32119
6406
12287
5908
25352
11272
31011
19822
16875
25546
17882
14222
3577
28308
11743
26263
19162
23613
28989
2996
20764
7918
1543
7934
27011
2344
11850
28064
12960
27913
10816
21304
1189
16587
23238
8833
18296
27789
26640
304
28422
9558
16540
15131
4570
31063
1124
20640
19950
29040
12376
17477
28609
27638
7691
27548
4009
5300
11181
18282
6507
7727
8249
9991
29193
8239
8175
6920
12251
16250
17669
31516
6369
739
12442
820
23384
31107
10219
19431
13451
5703
4553
8724
31212
25771
26699
457
14435
31428
29376
14435
24038
19588
23527
29175
8522
17466
30819
13809
7257
17496
20841
5883
19492
30329
18364
6689
27547
2978
25307
6450
23642
20936
8312
9321
4550
17043
22573
10060
12889
28514
1899
21717
25402
28303
6579
7888
29201
11764
264
15492
20761
20142
12964
1173
6519
28192
23530
7721
1994
59
25500
19786
9987
7933
2894
24204
7543
29496
17690
30191
20530
6805
4502
17670
20622
11992
31235
27737
18437
21094
31431
3081
22084
26116
29214
18354
5504
19425
26380
16789
14605
23511
15510
20727
31277
27886
9521
30660
18214
6178
27259
23416
26775
6246
23849
17727
4363
27624
320
27995
2767
6807
19081
5575
30721
17891
32062
14362
22762
26051
1802
19117
19598
22269
25649
24832
16256
7842
25866
11098
31995
1751
26550
6576
22063
30939
23052
9672
21465
14406
6099
2207
9750
25487
31028
24327
18041
24017
9582
404
91
1487
32204
5049
21362
24117
13525
3631
25766
2849
26050
18582
28959
18657
16437
18015
30627
16383
7207
19177
3103
23162
2594
30954
2435
32343
13233
273
5587
20824
8214
9194
11387
27148
12602
2817
8932
4616
27882
15690
23364
32115
26175
12992
6586
7112
23390
19277
12186
26071
23394
11498
28934
19725
2199
19719
10430
12278
19177
10541
32312
30720
1692
29410
500
17538
11069
13005
21514
18172
11992
10010
6405
13473
18795
24864
12531
28946
1179
26177
25789
22125
29606
22546
32181
16006
10137
26556
31598
12660
13251
6307
23504
23888
22121
5701
10603
15161
6587
8548
17420
1435
263
22631
6030
25521
5677
24318
13555
28233
27475
10501
436
29128
25817
27819
29012
4461
24463
32723
32059
12250
1830
9402
20162
16592
28901
2522
20363
26682
20125
271
5139
2669
19935
12793
21642
12718
30572
19361
26594
27892
8941
31071
29990
3056
21221
7931
20237
23627
3299
8210
11727
19503
508
14011
15159
5640
7032
7531
9465
22924
16332
4118
10567
17913
25545
26775
20895
14749
15378
23122
20455
31388
8915
4376
12731
27886
1456
14155
24070
27047
28668
10050
4303
7035
1324
19438
18774
1153
32651
29886
24160
4407
1839
8385
11471
23751
29995
1291
5237
2696
22278
21081
14122
22728
18028
32248
11804
20681
26916
4578
10599
14345
11586
18475
11750
9926
5534
30107
25928
26562
10884
1949
13414
1348
25261
6487
3027
10079
6254
25627
9909
10102
24368
3838
11220
32000
19744
8646
25841
26505
3368
7946
89
31225
19741
2452
4282
27417
23610
22794
16180
20307
3533
8654
25523
8122
13360
29730
30589
12874
18427
13968
5639
1904
3960
32649
13
4301
23127
12876
21729
21815
9635
25353
30212
5632
15349
17990
18675
22907
9704
12163
19267
32445
32460
25369
11504
16033
415
16232
25843
15887
25145
305
29714
5501
18118
10049
18940
29109
30073
14672
149
12761
2687
30248
24975
9893
18994
11530
27194
22261
25488
17997
16797
28039
14059
16200
21701
13313
29921
7538
3421
16182
10639
7368
22143
12453
2050
7535
25546
12610
2542
5275
28341
2426
14243
1199
24098
31345
11324
16550
3127
15502
10778
32433
7785
18233
21393
32289
9177
17891
23520
17544
28132
24135
17511
13851
22261
11248
31252
3419
27550
5372
26399
30197
10728
23583
19703
20198
19175
5099
31356
22498
19089
22350
12910
19959
8656
27484
22053
15214
26325
11854
10371
32498
18352
30667
15656
19956
4893
20071
26596
13901
17313
5738
16498
25381
16598
7634
3683
10516
19203
10651
12632
7560
17648
26685
22900
15719
20473
28023
9233
26357
28256
6987
28850
10999
8168
7242
569
14617
11423
21265
16475
27533
4603
25364
11600
13813
17960
13978
25551
31619
17825
9737
12601
4190
7934
9316
8213
27208
28940
5394
1724
17535
3875
12001
28245
15072
16308
4170
26116
8274
18722
26871
5727
5218
16595
23682
10530
7211
20614
640
22819
17017
26087
10174
16008
814
96
13514
11063
1508
4403
23989
11150
27603
8646
32536
32597
13557
13373
19541
7920
105
4686
13087
8409
11286
32337
6205
4942
6032
31383
20874
7751
3647
6909
321
427
7358
5313
13943
17347
21889
148
30441
9199
18619
752
5624
9624
13182
20139
31986
18277
10788
13773
18579
15026
16879
15519
24524
12094
32236
25348
26562
1827
797
6156
14618
1804
22486
3015
14964
22178
12904
21335
17461
25927
6909
4937
29066
1799
25795
9254
682
24011
16973
25924
13403
25296
31030
12770
12471
9304
30983
11380
32048
2976
22874
21564
2514
16145
832
6426
17864
29882
2529
24997
23842
18686
30306
14202
981
28042
2828
3541
29187
17547
16810
22110
30077
15389
2354
22597
15495
32262
1704
32144
15835
18340
23872
2740
25072
32292
16835
29795
20859
21237
23859
18342
3383
3196
17074
22571
13025
18186
31904
10464
4999
16907
29956
17089
32515
3456
15661
28141
26819
11183
30873
256
18891
31512
28437
15005
25596
31916
2598
22858
19094
19002
16808
25985
21500
20778
15285
25091
22711
9581
9160
22128
25534
180
32034
26645
14324
16864
29805
29957
20211
186
29856
25963
13576
2533
802
10014
26238
22289
10034
1910
4640
22384
24710
24415
25849
7278
28978
17835
17246
16029
32460
15277
4911
3822
20174
2051
31577
26663
8763
13235
15519
13457
29830
23930
1947
31729
8623
22368
29695
3514
14255
17040
32033
7041
30486
7527
10167
22449
18163
30667
13534
27776
8180
16830
1634
24354
13006
26674
6201
13116
19935
13343
13136
25243
17938
8148
15755
32038
26372
5771
19207
1297
11877
21055
21666
23380
22176
19394
14269
20572
29886
28938
25408
11520
11655
5579
21983
18358
17899
21068
20892
31239
4769
17523
26765
2624
2830
26401
18144
23915
872
29638
24092
1405
21019
556
21929
32721
25708
23191
25747
14293
1628
11792
30859
8708
25039
10494
20015
788
30957
5110
24203
14192
8137
30420
17887
3816
14656
29195
1954
4263
15141
16953
21448
15206
15771
8703
12609
5600
6593
32271
12738
9094
23445
12166
4807
4467
2834
12413
28633
12194
4252
32474
27148
2655
14494
8556
26829
14331
6770
824
22490
11972
26241
6413
1682
14132
24491
1375
3183
20073
1001
11858
22225
3285
10288
31252
17405
25911
2969
9584
28517
20426
9664
26784
4906
13756
13417
24163
8927
12513
19562
24912
912
29609
29125
21354
1282
27984
31508
1012
61
32340
17450
10119
16200
20780
29687
5729
4660
11063
22956
17664
13659
18931
9504
10992
27882
8303
32370
3041
31133
2307
16625
22268
19146
16190
23864
4215
4513
13856
9885
31079
6578
7817
4045
27094
2736
12786
6832
4374
30580
5467
32659
4180
24132
26756
20357
9072
32342
21856
5633
19469
9872
13255
15822
13028
24978
5483
15652
13149
8950
19981
19728
17760
22998
19441
12313
14696
3215
21647
19492
31450
25029
31115
7061
19606
15016
23015
14775
13259
17013
888
3678
1295
5951
2198
23755
18351
28655
7704
14799
25411
25482
21888
11572
19334
13746
18290
600
7781
19568
17003
3099
26710
13104
20911
24571
747
20237
12419
19582
16807
10319
32157
3793
24848
27954
17113
2990
27653
4586
9517
3970
2898
12771
20703
22992
29570
5709
30197
30672
25845
1496
26862
12893
29234
16828
15279
4878
125
21501
25280
17570
13997
4845
15032
21153
20024
32242
502
3136
31376
22409
6802
3717
23218
8331
10387
14765
10491
22704
24675
5579
7486
10321
6528
27313
13589
22386
31091
3859
22132
13823
19206
13034
132
22870
21938
10519
32430
21254
18775
29769
20981
17622
4656
6944
17546
30218
10501
1939
23450
19937
13218
30095
7019
22370
2441
13536
20903
12888
28900
16981
23032
5532
10173
31775
4308
18066
3441
30075
26779
10742
98
11665
21727
20953
17389
11675
2
11494
668
21065
32519
15082
16540
17508
30626
27284
21105
25779
27793
1145
11240
12059
9263
18266
6989
22793
23879
6570
17631
12053
17958
29771
29313
30175
27124
27289
2994
21053
2116
29609
18879
31897
2793
22738
31799
17300
3595
28013
29088
8687
11899
29658
22632
27564
4676
21444
11295
22128
24451
1445
739
24876
5496
22412
20251
24316
31708
28446
26984
10576
7285
11482
30424
15689
31465
21666
32605
18534
32464
8055
18558
26719
17420
6789
18509
8785
17757
30559
17561
21788
5424
12683
29284
11017
6328
11585
10647
20145
31040
13168
245
26394
16320
28418
26190
7970
20142
20321
1781
15393
11798
29754
7284
1994
24045
1665
29053
4434
8867
8885
13092
2517
32759
14437
25164
16373
22031
755
31071
32452
21704
32664
6723
21476
14667
1192
22665
236
2529
24087
29671
7182
17416
4925
5864
9207
12486
14806
28130
2807
21309
31309
10793
32098
9600
10554
17794
26422
6053
6697
6618
31997
1307
3997
8504
19445
5182
27732
29169
5487
13353
2509
19227
31093
11467
22536
17731
13487
30014
10893
31587
30088
17491
22191
16398
3212
3954
1810
13038
31764
27553
26731
19056
11046
1250
4999
9662
16279
8130
22671
15086
25458
22831
20362
13688
31134
6282
21027
6382
1466
26621
17068
31719
19276
9999
17508
28477
26651
19317
18677
25976
28121
9259
5953
11913
16133
21188
12126
23484
13072
28415
12255
8168
17855
2202
8278
32744
21968
31595
17687
26447
14048
18860
24638
30040
6796
28823
1011
5660
5335
27443
23020
15368
16331
22381
1076
19853
16996
29034
31531
6937
16041
22812
3279
28999
27420
22035
24889
6995
23380
3478
10346
27088
15337
24307
21832
4509
1424
23059
2532
30485
27527
1105
6398
14726
2356
24460
16587
4836
4873
26491
758
24511
3754
31041
15844
25459
22098
22850
27452
7327
27507
19252
10151
15832
23708
28793
26580
7838
17056
24748
32448
14478
6389
12410
22836
1242
30042
23219
4751
19959
25276
16288
18117
18837
25435
11928
17832
3796
24105
11726
2918
15541
31602
29805
8787
25806
13506
19175
20969
3651
7172
17801
16141
25841
7655
3412
24980
26860
17286
11016
29446
12844
14151
2177
15010
7299
4355
7238
23202
28626
11624
29536
704
22653
5276
3432
11256
17436
13347
16100
16784
30324
28675
3540
23382
27301
20262
15495
27945
21668
18175
30387
4026
22252
27249
21701
18068
16497
32748
10614
26458
26326
17113
19871
1616
28895
21560
24142
3101
9513
7815
8473
22736
4377
12518
690
6176
7186
21882
25532
11000
23275
26383
10205
18995
14240
10753
15125
18084
16711
11356
334
2649
14406
28994
25652
16160
10948
27533
29510
15947
13661
2998
18989
11697
15386
25846
12621
28149
12192
11690
11419
15883
12967
7932
27822
14327
13230
30656
22040
2776
20205
9884
4854
5670
3212
24428
25286
19000
20242
8164
7289
29193
1568
26487
5833
19003
31071
9848
27341
2396
16311
10368
17611
15721
14018
32271
14157
8848
3712
10614
17527
22330
15692
4852
4503
4425
28686
2079
30974
14494
19123
19077
28175
2783
3290
29076
26517
11383
28368
9143
17498
19166
19135
27330
24053
13338
26146
10128
15843
1926
28540
26858
10457
25554
1098
10667
29785
13899
21302
14882
23172
3932
11917
22712
16431
8277
8947
15827
8504
18028
26198
7930
5914
18178
13088
27961
11712
8487
25521
21191
31383
6239
25100
13286
10727
23718
16336
14091
30307
29619
2667
6207
16127
18298
12170
19397
12033
32244
1491
13309
11355
32290
19927
28296
56
18000
16194
31917
28117
30615
30293
19195
11154
15013
21911
23600
29257
25025
12231
7002
5854
27657
19988
6460
25111
19966
9873
14579
6830
9027
22243
4058
30117
11682
14140
31914
24794
17744
6542
14822
23515
7794
2296
28534
21243
2015
7557
1937
12454
1832
14357
19169
6385
30166
15003
2018
885
1010
4233
18828
10078
17355
7049
24881
28095
8947
22638
18344
24105
29835
20586
6571
14715
28864
10881
13182
14075
19862
28989
12241
6054
21733
24740
19944
965
7072
20583
761
26305
15965
3676
15062
15672
18194
15662
3019
2384
8221
2900
25034
24908
14472
22079
25797
19549
15754
3544
7772
25018
3409
27689
8888
24050
18174
21850
16567
8833
7154
29664
32073
21410
17992
25841
24090
2149
18594
2363
18289
16641
23337
19925
29016
5995
10703
374
14333
24104
18392
2533
19288
8543
31896
3504
526
15922
